frameIndex;frameTime;pcm_RMSenergy;pcm_LOGenergy
0;0.000000;4.087663e-02;-6.394393e+00
1;0.010000;4.189522e-02;-6.345167e+00
2;0.020000;4.058486e-02;-6.408720e+00
3;0.030000;4.143822e-02;-6.367103e+00
4;0.040000;4.161252e-02;-6.358708e+00
5;0.050000;3.863724e-02;-6.507077e+00
6;0.060000;3.704330e-02;-6.591336e+00
7;0.070000;3.589268e-02;-6.654444e+00
8;0.080000;3.361965e-02;-6.785289e+00
9;0.090000;2.984542e-02;-7.023448e+00
10;0.100000;3.014931e-02;-7.003187e+00
11;0.110000;3.038924e-02;-6.987334e+00
12;0.120000;2.861283e-02;-7.107800e+00
13;0.130000;2.370108e-02;-7.484470e+00
14;0.140000;2.868467e-02;-7.102785e+00
15;0.150000;2.855416e-02;-7.111905e+00
16;0.160000;3.205636e-02;-6.880519e+00
17;0.170000;3.574012e-02;-6.662963e+00
18;0.180000;3.625711e-02;-6.634239e+00
19;0.190000;3.178509e-02;-6.897516e+00
20;0.200000;2.992737e-02;-7.017963e+00
21;0.210000;2.362216e-02;-7.491140e+00
22;0.220000;1.701284e-02;-8.147573e+00
23;0.230000;1.530738e-02;-8.358841e+00
24;0.240000;1.586815e-02;-8.286882e+00
25;0.250000;1.698438e-02;-8.150923e+00
26;0.260000;2.101463e-02;-7.725073e+00
27;0.270000;2.472476e-02;-7.399900e+00
28;0.280000;3.426990e-02;-6.746976e+00
29;0.290000;4.896891e-02;-6.033139e+00
30;0.300000;6.052643e-02;-5.609350e+00
31;0.310000;6.772743e-02;-5.384528e+00
32;0.320000;7.338785e-02;-5.223994e+00
33;0.330000;7.484593e-02;-5.184647e+00
34;0.340000;7.762247e-02;-5.111797e+00
35;0.350000;7.691570e-02;-5.130091e+00
36;0.360000;8.080740e-02;-5.031374e+00
37;0.370000;9.217206e-02;-4.768197e+00
38;0.380000;1.002370e-01;-4.600436e+00
39;0.390000;1.062870e-01;-4.483225e+00
40;0.400000;1.159959e-01;-4.308402e+00
41;0.410000;1.212883e-01;-4.219170e+00
42;0.420000;1.195533e-01;-4.247986e+00
43;0.430000;1.230120e-01;-4.190948e+00
44;0.440000;1.181439e-01;-4.271704e+00
45;0.450000;1.127707e-01;-4.364798e+00
46;0.460000;1.024700e-01;-4.556369e+00
47;0.470000;9.626546e-02;-4.681292e+00
48;0.480000;8.260924e-02;-4.987267e+00
49;0.490000;7.712800e-02;-5.124578e+00
50;0.500000;7.180344e-02;-5.267646e+00
51;0.510000;7.935264e-02;-5.067707e+00
52;0.520000;8.281431e-02;-4.982309e+00
53;0.530000;8.685679e-02;-4.886989e+00
54;0.540000;9.013781e-02;-4.812831e+00
55;0.550000;9.051548e-02;-4.804469e+00
56;0.560000;8.651545e-02;-4.894865e+00
57;0.570000;8.448546e-02;-4.942352e+00
58;0.580000;8.939237e-02;-4.829440e+00
59;0.590000;9.077551e-02;-4.798731e+00
60;0.600000;9.094451e-02;-4.795012e+00
61;0.610000;9.305681e-02;-4.749090e+00
62;0.620000;9.571205e-02;-4.692822e+00
63;0.630000;9.044435e-02;-4.806041e+00
64;0.640000;8.986083e-02;-4.818986e+00
65;0.650000;9.192283e-02;-4.773612e+00
66;0.660000;9.224404e-02;-4.766635e+00
67;0.670000;8.946554e-02;-4.827804e+00
68;0.680000;8.916630e-02;-4.834504e+00
69;0.690000;8.302589e-02;-4.977206e+00
70;0.700000;7.242413e-02;-5.250432e+00
71;0.710000;6.269699e-02;-5.538884e+00
72;0.720000;5.153566e-02;-5.930963e+00
73;0.730000;4.972718e-02;-6.002407e+00
74;0.740000;4.613707e-02;-6.152277e+00
75;0.750000;4.557581e-02;-6.176756e+00
76;0.760000;5.650504e-02;-5.746851e+00
77;0.770000;5.749497e-02;-5.712116e+00
78;0.780000;6.045934e-02;-5.611568e+00
79;0.790000;6.621134e-02;-5.429807e+00
80;0.800000;6.806405e-02;-5.374612e+00
81;0.810000;5.841438e-02;-5.680387e+00
82;0.820000;6.829856e-02;-5.367733e+00
83;0.830000;6.262448e-02;-5.541198e+00
84;0.840000;6.808150e-02;-5.374100e+00
85;0.850000;7.496078e-02;-5.181581e+00
86;0.860000;7.766577e-02;-5.110682e+00
87;0.870000;8.233120e-02;-4.994010e+00
88;0.880000;9.306022e-02;-4.749017e+00
89;0.890000;8.993917e-02;-4.817244e+00
90;0.900000;9.153554e-02;-4.782056e+00
91;0.910000;9.964236e-02;-4.612336e+00
92;0.920000;9.178037e-02;-4.776714e+00
93;0.930000;9.025891e-02;-4.810146e+00
94;0.940000;1.013727e-01;-4.577903e+00
95;0.950000;1.121508e-01;-4.375822e+00
96;0.960000;1.158514e-01;-4.310893e+00
97;0.970000;1.191762e-01;-4.254305e+00
98;0.980000;1.123249e-01;-4.372720e+00
99;0.990000;9.733170e-02;-4.659261e+00
100;1.000000;7.684378e-02;-5.131962e+00
101;1.010000;6.161938e-02;-5.573557e+00
102;1.020000;8.063462e-02;-5.035655e+00
103;1.030000;9.660681e-02;-4.674212e+00
104;1.040000;1.000272e-01;-4.604626e+00
105;1.050000;9.853045e-02;-4.634779e+00
106;1.060000;9.386138e-02;-4.731873e+00
107;1.070000;6.690427e-02;-5.408985e+00
108;1.080000;3.038516e-02;-6.987602e+00
109;1.090000;1.252064e-02;-8.760754e+00
110;1.100000;8.525234e-03;-9.529449e+00
111;1.110000;6.398950e-03;-1.010324e+01
112;1.120000;6.316387e-03;-1.012922e+01
113;1.130000;1.574268e-02;-8.302759e+00
114;1.140000;4.693228e-02;-6.118099e+00
115;1.150000;6.613536e-02;-5.432104e+00
116;1.160000;7.737295e-02;-5.118236e+00
117;1.170000;8.944803e-02;-4.828195e+00
118;1.180000;9.295728e-02;-4.751231e+00
119;1.190000;8.729368e-02;-4.876955e+00
120;1.200000;8.351630e-02;-4.965427e+00
121;1.210000;7.961476e-02;-5.061111e+00
122;1.220000;6.967419e-02;-5.327851e+00
123;1.230000;6.433691e-02;-5.487244e+00
124;1.240000;5.669115e-02;-5.740274e+00
125;1.250000;4.166507e-02;-6.356184e+00
126;1.260000;2.832072e-02;-7.128323e+00
127;1.270000;1.703675e-02;-8.144766e+00
128;1.280000;1.236245e-02;-8.786184e+00
129;1.290000;1.204783e-02;-8.837741e+00
130;1.300000;9.858733e-03;-9.238795e+00
131;1.310000;3.420468e-02;-6.750786e+00
132;1.320000;4.492561e-02;-6.205494e+00
133;1.330000;4.798940e-02;-6.073550e+00
134;1.340000;6.098999e-02;-5.594091e+00
135;1.350000;7.497669e-02;-5.181156e+00
136;1.360000;7.688602e-02;-5.130862e+00
137;1.370000;7.346429e-02;-5.221911e+00
138;1.380000;7.185038e-02;-5.266339e+00
139;1.390000;6.170383e-02;-5.570818e+00
140;1.400000;4.538594e-02;-6.185106e+00
141;1.410000;3.137362e-02;-6.923576e+00
142;1.420000;2.837097e-02;-7.124777e+00
143;1.430000;4.018669e-02;-6.428439e+00
144;1.440000;9.373720e-02;-4.734520e+00
145;1.450000;1.165756e-01;-4.298430e+00
146;1.460000;1.288756e-01;-4.097815e+00
147;1.470000;1.382769e-01;-3.956994e+00
148;1.480000;1.422964e-01;-3.899686e+00
149;1.490000;1.185407e-01;-4.264997e+00
150;1.500000;9.742693e-02;-4.657305e+00
151;1.510000;7.855254e-02;-5.087975e+00
152;1.520000;5.899940e-02;-5.660456e+00
153;1.530000;3.885254e-02;-6.495964e+00
154;1.540000;2.205818e-02;-7.628143e+00
155;1.550000;1.096419e-02;-9.026241e+00
156;1.560000;1.246862e-02;-8.769080e+00
157;1.570000;1.586464e-02;-8.287325e+00
158;1.580000;1.642401e-02;-8.218022e+00
159;1.590000;2.655197e-02;-7.257303e+00
160;1.600000;4.789159e-02;-6.077631e+00
161;1.610000;6.931584e-02;-5.338164e+00
162;1.620000;8.169593e-02;-5.009502e+00
163;1.630000;8.333728e-02;-4.969718e+00
164;1.640000;8.165374e-02;-5.010535e+00
165;1.650000;7.165989e-02;-5.271648e+00
166;1.660000;5.091092e-02;-5.955356e+00
167;1.670000;2.502173e-02;-7.376021e+00
168;1.680000;1.786082e-02;-8.050291e+00
169;1.690000;1.194531e-02;-8.854833e+00
170;1.700000;7.286943e-03;-9.843343e+00
171;1.710000;7.608722e-03;-9.756920e+00
172;1.720000;1.353763e-02;-8.604564e+00
173;1.730000;1.804712e-02;-8.029538e+00
174;1.740000;2.430597e-02;-7.434066e+00
175;1.750000;3.022633e-02;-6.998084e+00
176;1.760000;3.544924e-02;-6.679307e+00
177;1.770000;3.622312e-02;-6.636116e+00
178;1.780000;3.511296e-02;-6.698370e+00
179;1.790000;3.337361e-02;-6.799980e+00
180;1.800000;3.239263e-02;-6.859649e+00
181;1.810000;3.503905e-02;-6.702584e+00
182;1.820000;5.553892e-02;-5.781343e+00
183;1.830000;8.072063e-02;-5.033522e+00
184;1.840000;1.012910e-01;-4.579515e+00
185;1.850000;1.139045e-01;-4.344790e+00
186;1.860000;1.243423e-01;-4.169434e+00
187;1.870000;1.241302e-01;-4.172849e+00
188;1.880000;1.148161e-01;-4.328847e+00
189;1.890000;9.876278e-02;-4.630069e+00
190;1.900000;8.419284e-02;-4.949291e+00
191;1.910000;6.462640e-02;-5.478264e+00
192;1.920000;4.706685e-02;-6.112372e+00
193;1.930000;3.081762e-02;-6.959337e+00
194;1.940000;2.448512e-02;-7.419379e+00
195;1.950000;1.741534e-02;-8.100808e+00
196;1.960000;2.240685e-02;-7.596777e+00
197;1.970000;5.283700e-02;-5.881087e+00
198;1.980000;7.292192e-02;-5.236732e+00
199;1.990000;8.838785e-02;-4.852042e+00
200;2.000000;1.003883e-01;-4.597418e+00
201;2.010000;1.084141e-01;-4.443594e+00
202;2.020000;1.039582e-01;-4.527534e+00
203;2.030000;9.270170e-02;-4.756737e+00
204;2.040000;7.741272e-02;-5.117208e+00
205;2.050000;6.102576e-02;-5.592918e+00
206;2.060000;4.208995e-02;-6.335892e+00
207;2.070000;2.189490e-02;-7.643003e+00
208;2.080000;1.536471e-02;-8.351363e+00
209;2.090000;1.644738e-02;-8.215178e+00
210;2.100000;4.421086e-02;-6.237570e+00
211;2.110000;7.937574e-02;-5.067125e+00
212;2.120000;9.829258e-02;-4.639614e+00
213;2.130000;1.060992e-01;-4.486763e+00
214;2.140000;1.148664e-01;-4.327971e+00
215;2.150000;1.145970e-01;-4.332667e+00
216;2.160000;1.008708e-01;-4.587829e+00
217;2.170000;8.826999e-02;-4.854710e+00
218;2.180000;8.340012e-02;-4.968211e+00
219;2.190000;7.324202e-02;-5.227972e+00
220;2.200000;6.216430e-02;-5.555949e+00
221;2.210000;4.967930e-02;-6.004334e+00
222;2.220000;3.788526e-02;-6.546386e+00
223;2.230000;2.571647e-02;-7.321247e+00
224;2.240000;1.978480e-02;-7.845683e+00
225;2.250000;1.787917e-02;-8.048238e+00
226;2.260000;1.740549e-02;-8.101939e+00
227;2.270000;2.044578e-02;-7.779958e+00
228;2.280000;3.210698e-02;-6.877364e+00
229;2.290000;3.852237e-02;-6.513032e+00
230;2.300000;4.069054e-02;-6.403519e+00
231;2.310000;4.799484e-02;-6.073324e+00
232;2.320000;7.477048e-02;-5.186664e+00
233;2.330000;1.037306e-01;-4.531916e+00
234;2.340000;1.236161e-01;-4.181149e+00
235;2.350000;1.333899e-01;-4.028957e+00
236;2.360000;1.340021e-01;-4.019800e+00
237;2.370000;1.206216e-01;-4.230194e+00
238;2.380000;9.337614e-02;-4.742239e+00
239;2.390000;6.028457e-02;-5.617358e+00
240;2.400000;2.994696e-02;-7.016655e+00
241;2.410000;8.043725e-03;-9.645726e+00
242;2.420000;6.895406e-03;-9.953800e+00
243;2.430000;8.810868e-03;-9.463539e+00
244;2.440000;2.407967e-02;-7.452775e+00
245;2.450000;2.603429e-02;-7.296681e+00
246;2.460000;2.843504e-02;-7.120266e+00
247;2.470000;3.328724e-02;-6.805162e+00
248;2.480000;4.232061e-02;-6.324962e+00
249;2.490000;4.526669e-02;-6.190368e+00
250;2.500000;4.995635e-02;-5.993211e+00
251;2.510000;5.484963e-02;-5.806320e+00
252;2.520000;5.675234e-02;-5.738117e+00
253;2.530000;5.456036e-02;-5.816895e+00
254;2.540000;5.422319e-02;-5.829293e+00
255;2.550000;7.004606e-02;-5.317204e+00
256;2.560000;1.096474e-01;-4.420971e+00
257;2.570000;1.311195e-01;-4.063292e+00
258;2.580000;1.478379e-01;-3.823278e+00
259;2.590000;1.570843e-01;-3.701945e+00
260;2.600000;1.603239e-01;-3.661118e+00
261;2.610000;1.428191e-01;-3.892354e+00
262;2.620000;1.347035e-01;-4.009359e+00
263;2.630000;1.220787e-01;-4.206180e+00
264;2.640000;1.128934e-01;-4.362623e+00
265;2.650000;9.805413e-02;-4.644471e+00
266;2.660000;8.523658e-02;-4.924649e+00
267;2.670000;6.254463e-02;-5.543750e+00
268;2.680000;4.566658e-02;-6.172777e+00
269;2.690000;2.989026e-02;-7.020445e+00
270;2.700000;3.523026e-02;-6.691700e+00
271;2.710000;5.532879e-02;-5.788924e+00
272;2.720000;8.079118e-02;-5.031775e+00
273;2.730000;1.010591e-01;-4.584100e+00
274;2.740000;1.145318e-01;-4.333805e+00
275;2.750000;1.221277e-01;-4.205376e+00
276;2.760000;1.185725e-01;-4.264461e+00
277;2.770000;1.034966e-01;-4.536434e+00
278;2.780000;8.357933e-02;-4.963918e+00
279;2.790000;6.241316e-02;-5.547958e+00
280;2.800000;3.665168e-02;-6.612592e+00
281;2.810000;1.639916e-02;-8.221050e+00
282;2.820000;8.688251e-03;-9.491568e+00
283;2.830000;7.107622e-03;-9.893175e+00
284;2.840000;1.173401e-02;-8.890529e+00
285;2.850000;2.015312e-02;-7.808793e+00
286;2.860000;5.024618e-02;-5.981641e+00
287;2.870000;7.164239e-02;-5.272137e+00
288;2.880000;8.634457e-02;-4.898818e+00
289;2.890000;1.028196e-01;-4.549558e+00
290;2.900000;1.125618e-01;-4.368506e+00
291;2.910000;1.178758e-01;-4.276247e+00
292;2.920000;1.179747e-01;-4.274570e+00
293;2.930000;1.169603e-01;-4.291842e+00
294;2.940000;1.093614e-01;-4.426195e+00
295;2.950000;1.004616e-01;-4.595960e+00
296;2.960000;8.250555e-02;-4.989779e+00
297;2.970000;6.471629e-02;-5.475484e+00
298;2.980000;4.592668e-02;-6.161418e+00
299;2.990000;2.540091e-02;-7.345941e+00
300;3.000000;1.297309e-02;-8.689756e+00
301;3.010000;1.177235e-02;-8.884003e+00
302;3.020000;1.288398e-02;-8.703541e+00
303;3.030000;1.711351e-02;-8.135775e+00
304;3.040000;2.084091e-02;-7.741674e+00
305;3.050000;2.449689e-02;-7.418418e+00
306;3.060000;2.858693e-02;-7.109612e+00
307;3.070000;2.959612e-02;-7.040224e+00
308;3.080000;2.962696e-02;-7.038141e+00
309;3.090000;2.747976e-02;-7.188611e+00
310;3.100000;2.820961e-02;-7.136186e+00
311;3.110000;4.333634e-02;-6.277527e+00
312;3.120000;4.616037e-02;-6.151268e+00
313;3.130000;9.779765e-02;-4.649709e+00
314;3.140000;1.210415e-01;-4.223243e+00
315;3.150000;1.339704e-01;-4.020274e+00
316;3.160000;1.411053e-01;-3.916497e+00
317;3.170000;1.471544e-01;-3.832545e+00
318;3.180000;1.281446e-01;-4.109192e+00
319;3.190000;1.131138e-01;-4.358723e+00
320;3.200000;1.052555e-01;-4.502728e+00
321;3.210000;9.294187e-02;-4.751562e+00
322;3.220000;8.714644e-02;-4.880331e+00
323;3.230000;7.697550e-02;-5.128536e+00
324;3.240000;7.035896e-02;-5.308290e+00
325;3.250000;5.885575e-02;-5.665332e+00
326;3.260000;5.348340e-02;-5.856768e+00
327;3.270000;4.460219e-02;-6.219944e+00
328;3.280000;4.009931e-02;-6.432793e+00
329;3.290000;3.605960e-02;-6.645164e+00
330;3.300000;3.368400e-02;-6.781465e+00
331;3.310000;3.245097e-02;-6.856050e+00
332;3.320000;3.239308e-02;-6.859621e+00
333;3.330000;3.022441e-02;-6.998211e+00
334;3.340000;3.006764e-02;-7.008612e+00
335;3.350000;3.234630e-02;-6.862511e+00
336;3.360000;3.384736e-02;-6.771789e+00
337;3.370000;3.421710e-02;-6.750060e+00
338;3.380000;3.344000e-02;-6.796005e+00
339;3.390000;3.020750e-02;-6.999330e+00
340;3.400000;2.461549e-02;-7.408759e+00
341;3.410000;1.840092e-02;-7.990709e+00
342;3.420000;1.161999e-02;-8.910056e+00
343;3.430000;5.500946e-03;-1.040567e+01
344;3.440000;4.329958e-03;-1.088439e+01
345;3.450000;4.200036e-03;-1.094532e+01
346;3.460000;4.769947e-03;-1.069084e+01
347;3.470000;6.044399e-03;-1.021725e+01
348;3.480000;2.070088e-02;-7.755158e+00
349;3.490000;3.724800e-02;-6.580314e+00
350;3.500000;4.839945e-02;-6.056534e+00
351;3.510000;6.043578e-02;-5.612348e+00
352;3.520000;7.015888e-02;-5.313986e+00
353;3.530000;8.152944e-02;-5.013582e+00
354;3.540000;8.680239e-02;-4.888242e+00
355;3.550000;8.926082e-02;-4.832386e+00
356;3.560000;8.646721e-02;-4.895980e+00
357;3.570000;8.103391e-02;-5.025775e+00
358;3.580000;6.713072e-02;-5.402227e+00
359;3.590000;5.219274e-02;-5.905624e+00
360;3.600000;3.790944e-02;-6.545110e+00
361;3.610000;2.765989e-02;-7.175544e+00
362;3.620000;2.724141e-02;-7.206034e+00
363;3.630000;3.327819e-02;-6.805706e+00
364;3.640000;3.635349e-02;-6.628930e+00
365;3.650000;4.088625e-02;-6.393923e+00
366;3.660000;5.226448e-02;-5.902877e+00
367;3.670000;6.571627e-02;-5.444818e+00
368;3.680000;7.241005e-02;-5.250820e+00
369;3.690000;7.638610e-02;-5.143909e+00
370;3.700000;8.074917e-02;-5.032815e+00
371;3.710000;8.212505e-02;-4.999024e+00
372;3.720000;9.199693e-02;-4.772000e+00
373;3.730000;1.075965e-01;-4.458735e+00
374;3.740000;1.144497e-01;-4.335239e+00
375;3.750000;1.212249e-01;-4.220215e+00
376;3.760000;1.226851e-01;-4.196269e+00
377;3.770000;1.158244e-01;-4.311359e+00
378;3.780000;1.018284e-01;-4.568933e+00
379;3.790000;9.910852e-02;-4.623080e+00
380;3.800000;9.263565e-02;-4.758162e+00
381;3.810000;9.264784e-02;-4.757899e+00
382;3.820000;8.908196e-02;-4.836397e+00
383;3.830000;8.920696e-02;-4.833592e+00
384;3.840000;8.499019e-02;-4.930439e+00
385;3.850000;8.064254e-02;-5.035458e+00
386;3.860000;7.265384e-02;-5.244098e+00
387;3.870000;6.429082e-02;-5.488677e+00
388;3.880000;5.628241e-02;-5.754746e+00
389;3.890000;5.545841e-02;-5.784244e+00
390;3.900000;5.926840e-02;-5.651358e+00
391;3.910000;7.539523e-02;-5.170022e+00
392;3.920000;8.845004e-02;-4.850635e+00
393;3.930000;9.139154e-02;-4.785205e+00
394;3.940000;8.961069e-02;-4.824561e+00
395;3.950000;9.645458e-02;-4.677366e+00
396;3.960000;1.041648e-01;-4.523562e+00
397;3.970000;1.101826e-01;-4.411232e+00
398;3.980000;1.245495e-01;-4.166104e+00
399;3.990000;1.294570e-01;-4.088813e+00
400;4.000000;1.221426e-01;-4.205132e+00
401;4.010000;1.073892e-01;-4.462592e+00
402;4.020000;9.439253e-02;-4.720587e+00
403;4.030000;7.500045e-02;-5.180522e+00
404;4.040000;6.754718e-02;-5.389858e+00
405;4.050000;6.968896e-02;-5.327427e+00
406;4.060000;7.037187e-02;-5.307923e+00
407;4.070000;8.723299e-02;-4.878345e+00
408;4.080000;1.046216e-01;-4.514811e+00
409;4.090000;1.143318e-01;-4.337300e+00
410;4.100000;1.230798e-01;-4.189845e+00
411;4.110000;1.264282e-01;-4.136162e+00
412;4.120000;1.168009e-01;-4.294569e+00
413;4.130000;1.024294e-01;-4.557163e+00
414;4.140000;8.861180e-02;-4.846981e+00
415;4.150000;7.121609e-02;-5.284073e+00
416;4.160000;5.929035e-02;-5.650618e+00
417;4.170000;4.760342e-02;-6.089702e+00
418;4.180000;3.365579e-02;-6.783140e+00
419;4.190000;3.162876e-02;-6.907377e+00
420;4.200000;3.659739e-02;-6.615557e+00
421;4.210000;4.124474e-02;-6.376463e+00
422;4.220000;5.656585e-02;-5.744700e+00
423;4.230000;6.699237e-02;-5.406353e+00
424;4.240000;7.388950e-02;-5.210369e+00
425;4.250000;8.339807e-02;-4.968260e+00
426;4.260000;9.005936e-02;-4.814572e+00
427;4.270000;8.985719e-02;-4.819067e+00
428;4.280000;9.773752e-02;-4.650939e+00
429;4.290000;1.013129e-01;-4.579082e+00
430;4.300000;1.018233e-01;-4.569033e+00
431;4.310000;1.061426e-01;-4.485944e+00
432;4.320000;1.085148e-01;-4.441737e+00
433;4.330000;1.032519e-01;-4.541168e+00
434;4.340000;1.039216e-01;-4.528238e+00
435;4.350000;1.005772e-01;-4.593658e+00
436;4.360000;9.204700e-02;-4.770912e+00
437;4.370000;8.437067e-02;-4.945071e+00
438;4.380000;7.629239e-02;-5.146364e+00
439;4.390000;6.454060e-02;-5.480922e+00
440;4.400000;5.410875e-02;-5.833519e+00
441;4.410000;4.523317e-02;-6.191849e+00
442;4.420000;3.812080e-02;-6.533990e+00
443;4.430000;3.247701e-02;-6.854445e+00
444;4.440000;2.658502e-02;-7.254815e+00
445;4.450000;3.020429e-02;-6.999543e+00
446;4.460000;5.088711e-02;-5.956291e+00
447;4.470000;6.388897e-02;-5.501217e+00
448;4.480000;8.202142e-02;-5.001550e+00
449;4.490000;9.293427e-02;-4.751726e+00
450;4.500000;9.797629e-02;-4.646060e+00
451;4.510000;9.730852e-02;-4.659738e+00
452;4.520000;9.687798e-02;-4.668606e+00
453;4.530000;9.182620e-02;-4.775715e+00
454;4.540000;9.322422e-02;-4.745495e+00
455;4.550000;9.717377e-02;-4.662509e+00
456;4.560000;1.013051e-01;-4.579237e+00
457;4.570000;1.059036e-01;-4.490452e+00
458;4.580000;1.068384e-01;-4.472875e+00
459;4.590000;1.070346e-01;-4.469206e+00
460;4.600000;1.179970e-01;-4.274192e+00
461;4.610000;1.264123e-01;-4.136412e+00
462;4.620000;1.297026e-01;-4.085022e+00
463;4.630000;1.384854e-01;-3.953980e+00
464;4.640000;1.407912e-01;-3.920955e+00
465;4.650000;1.323688e-01;-4.044326e+00
466;4.660000;1.194834e-01;-4.249156e+00
467;4.670000;1.060269e-01;-4.488126e+00
468;4.680000;8.323625e-02;-4.972145e+00
469;4.690000;6.342807e-02;-5.515697e+00
470;4.700000;4.116102e-02;-6.380527e+00
471;4.710000;1.887673e-02;-7.939651e+00
472;4.720000;8.581548e-03;-9.516282e+00
473;4.730000;1.149766e-02;-8.931224e+00
474;4.740000;1.142086e-02;-8.944627e+00
475;4.750000;1.133998e-02;-8.958841e+00
476;4.760000;1.120875e-02;-8.982121e+00
477;4.770000;1.125878e-02;-8.973213e+00
478;4.780000;7.916915e-03;-9.677507e+00
479;4.790000;1.042758e-02;-9.126601e+00
480;4.800000;2.581694e-02;-7.313449e+00
481;4.810000;4.352180e-02;-6.268987e+00
482;4.820000;5.580466e-02;-5.771796e+00
483;4.830000;6.815520e-02;-5.371936e+00
484;4.840000;8.706745e-02;-4.882144e+00
485;4.850000;1.052282e-01;-4.503247e+00
486;4.860000;1.140002e-01;-4.343110e+00
487;4.870000;1.262366e-01;-4.139194e+00
488;4.880000;1.362922e-01;-3.985909e+00
489;4.890000;1.346060e-01;-4.010807e+00
490;4.900000;1.267863e-01;-4.130505e+00
491;4.910000;1.154101e-01;-4.318526e+00
492;4.920000;9.589254e-02;-4.689054e+00
493;4.930000;7.089033e-02;-5.293242e+00
494;4.940000;5.008326e-02;-5.988137e+00
495;4.950000;2.237914e-02;-7.599252e+00
496;4.960000;1.056397e-02;-9.100613e+00
497;4.970000;8.661230e-03;-9.497797e+00
498;4.980000;7.444249e-03;-9.800627e+00
499;4.990000;7.682863e-03;-9.737526e+00
500;5.000000;1.310260e-02;-8.669889e+00
501;5.010000;4.293339e-02;-6.296211e+00
502;5.020000;7.436640e-02;-5.197502e+00
503;5.030000;9.425550e-02;-4.723492e+00
504;5.040000;1.054923e-01;-4.498235e+00
505;5.050000;1.126987e-01;-4.366075e+00
506;5.060000;1.069619e-01;-4.470564e+00
507;5.070000;8.821110e-02;-4.856045e+00
508;5.080000;6.651595e-02;-5.420627e+00
509;5.090000;4.657543e-02;-6.133365e+00
510;5.100000;2.294470e-02;-7.549336e+00
511;5.110000;1.171213e-02;-8.894261e+00
512;5.120000;1.058345e-02;-9.096929e+00
513;5.130000;1.395470e-02;-8.543878e+00
514;5.140000;1.657168e-02;-8.200121e+00
515;5.150000;1.634267e-02;-8.227952e+00
516;5.160000;1.930971e-02;-7.894294e+00
517;5.170000;2.153454e-02;-7.676194e+00
518;5.180000;2.248438e-02;-7.589869e+00
519;5.190000;2.397039e-02;-7.461872e+00
520;5.200000;5.001804e-02;-5.990743e+00
521;5.210000;6.767146e-02;-5.386182e+00
522;5.220000;8.432632e-02;-4.946123e+00
523;5.230000;9.362818e-02;-4.736848e+00
524;5.240000;1.011242e-01;-4.582811e+00
525;5.250000;1.019501e-01;-4.566544e+00
526;5.260000;1.000686e-01;-4.603798e+00
527;5.270000;9.308732e-02;-4.748435e+00
528;5.280000;8.898897e-02;-4.838486e+00
529;5.290000;8.647189e-02;-4.895872e+00
530;5.300000;7.904763e-02;-5.075409e+00
531;5.310000;7.118028e-02;-5.285079e+00
532;5.320000;6.687788e-02;-5.409774e+00
533;5.330000;6.878684e-02;-5.353486e+00
534;5.340000;7.219012e-02;-5.256904e+00
535;5.350000;8.515251e-02;-4.926623e+00
536;5.360000;1.018753e-01;-4.568011e+00
537;5.370000;1.098314e-01;-4.417617e+00
538;5.380000;1.145652e-01;-4.333223e+00
539;5.390000;1.170081e-01;-4.291025e+00
540;5.400000;1.138697e-01;-4.345400e+00
541;5.410000;1.075736e-01;-4.459160e+00
542;5.420000;1.061707e-01;-4.485415e+00
543;5.430000;1.046810e-01;-4.513675e+00
544;5.440000;1.046812e-01;-4.513671e+00
545;5.450000;9.966197e-02;-4.611942e+00
546;5.460000;8.952747e-02;-4.826420e+00
547;5.470000;7.862053e-02;-5.086245e+00
548;5.480000;6.514516e-02;-5.462275e+00
549;5.490000;4.624287e-02;-6.147696e+00
550;5.500000;3.276708e-02;-6.836662e+00
551;5.510000;2.709852e-02;-7.216552e+00
552;5.520000;2.254018e-02;-7.584912e+00
553;5.530000;2.025388e-02;-7.798818e+00
554;5.540000;1.753464e-02;-8.087154e+00
555;5.550000;1.435596e-02;-8.487180e+00
556;5.560000;2.474713e-02;-7.398091e+00
557;5.570000;4.880488e-02;-6.039850e+00
558;5.580000;7.879228e-02;-5.081881e+00
559;5.590000;1.034076e-01;-4.538153e+00
560;5.600000;1.190689e-01;-4.256105e+00
561;5.610000;1.230274e-01;-4.190696e+00
562;5.620000;1.156266e-01;-4.314779e+00
563;5.630000;9.772298e-02;-4.651237e+00
564;5.640000;7.113476e-02;-5.286358e+00
565;5.650000;3.936995e-02;-6.469505e+00
566;5.660000;7.391906e-03;-9.814739e+00
567;5.670000;6.534801e-03;-1.006123e+01
568;5.680000;6.456380e-03;-1.008537e+01
569;5.690000;1.564450e-02;-8.315272e+00
570;5.700000;5.964361e-02;-5.638737e+00
571;5.710000;8.875179e-02;-4.843823e+00
572;5.720000;1.042428e-01;-4.522066e+00
573;5.730000;1.119096e-01;-4.380128e+00
574;5.740000;1.159132e-01;-4.309828e+00
575;5.750000;1.023009e-01;-4.559674e+00
576;5.760000;7.939704e-02;-5.066588e+00
577;5.770000;5.808035e-02;-5.691856e+00
578;5.780000;4.174592e-02;-6.352307e+00
579;5.790000;2.578479e-02;-7.315941e+00
580;5.800000;1.883143e-02;-7.944456e+00
581;5.810000;1.463780e-02;-8.448297e+00
582;5.820000;1.274738e-02;-8.724859e+00
583;5.830000;1.147668e-02;-8.934876e+00
584;5.840000;1.006083e-02;-9.198212e+00
585;5.850000;8.438748e-03;-9.549843e+00
586;5.860000;8.134146e-03;-9.623369e+00
587;5.870000;7.784713e-03;-9.711186e+00
588;5.880000;8.454720e-03;-9.546061e+00
589;5.890000;9.660629e-03;-9.279393e+00
590;5.900000;1.168663e-02;-8.898619e+00
591;5.910000;1.155531e-02;-8.921221e+00
592;5.920000;1.777375e-02;-8.060065e+00
593;5.930000;4.264966e-02;-6.309472e+00
594;5.940000;6.696338e-02;-5.407218e+00
595;5.950000;8.380479e-02;-4.958530e+00
596;5.960000;9.568624e-02;-4.693362e+00
597;5.970000;9.845729e-02;-4.636265e+00
598;5.980000;9.173440e-02;-4.777716e+00
599;5.990000;8.305838e-02;-4.976423e+00
600;6.000000;7.710672e-02;-5.125130e+00
601;6.010000;7.438527e-02;-5.196995e+00
602;6.020000;8.001757e-02;-5.051018e+00
603;6.030000;8.843167e-02;-4.851050e+00
604;6.040000;8.998426e-02;-4.816241e+00
605;6.050000;9.050765e-02;-4.804642e+00
606;6.060000;8.974069e-02;-4.821662e+00
607;6.070000;8.988895e-02;-4.818360e+00
608;6.080000;9.319911e-02;-4.746034e+00
609;6.090000;1.005759e-01;-4.593686e+00
610;6.100000;1.038872e-01;-4.528899e+00
611;6.110000;1.089192e-01;-4.434297e+00
612;6.120000;1.188918e-01;-4.259082e+00
613;6.130000;1.188308e-01;-4.260110e+00
614;6.140000;1.130735e-01;-4.359435e+00
615;6.150000;1.070491e-01;-4.468935e+00
616;6.160000;9.816050e-02;-4.642303e+00
617;6.170000;9.541237e-02;-4.699094e+00
618;6.180000;9.689969e-02;-4.668158e+00
619;6.190000;9.991710e-02;-4.606829e+00
620;6.200000;1.009112e-01;-4.587029e+00
621;6.210000;9.810300e-02;-4.643475e+00
622;6.220000;7.966089e-02;-5.059953e+00
623;6.230000;6.173882e-02;-5.569685e+00
624;6.240000;4.089666e-02;-6.393414e+00
625;6.250000;1.998059e-02;-7.825988e+00
626;6.260000;1.108100e-02;-9.005048e+00
627;6.270000;6.106590e-03;-1.019677e+01
628;6.280000;9.582540e-03;-9.295626e+00
629;6.290000;1.136620e-02;-8.954222e+00
630;6.300000;1.293474e-02;-8.695677e+00
631;6.310000;2.448568e-02;-7.419333e+00
632;6.320000;5.421353e-02;-5.829649e+00
633;6.330000;8.153996e-02;-5.013324e+00
634;6.340000;1.003649e-01;-4.597886e+00
635;6.350000;1.089060e-01;-4.434541e+00
636;6.360000;1.098530e-01;-4.417224e+00
637;6.370000;1.015624e-01;-4.574163e+00
638;6.380000;8.637013e-02;-4.898227e+00
639;6.390000;6.766153e-02;-5.386475e+00
640;6.400000;5.632909e-02;-5.753088e+00
641;6.410000;5.323891e-02;-5.865932e+00
642;6.420000;4.985621e-02;-5.997224e+00
643;6.430000;4.278870e-02;-6.302963e+00
644;6.440000;3.966348e-02;-6.454649e+00
645;6.450000;3.976289e-02;-6.449642e+00
646;6.460000;3.882843e-02;-6.497205e+00
647;6.470000;3.831150e-02;-6.524011e+00
648;6.480000;4.010699e-02;-6.432409e+00
649;6.490000;4.328431e-02;-6.279930e+00
650;6.500000;4.948137e-02;-6.012318e+00
651;6.510000;5.500827e-02;-5.800543e+00
652;6.520000;6.020863e-02;-5.619879e+00
653;6.530000;6.073023e-02;-5.602627e+00
654;6.540000;5.774461e-02;-5.703450e+00
655;6.550000;4.902417e-02;-6.030884e+00
656;6.560000;4.013735e-02;-6.430896e+00
657;6.570000;2.851146e-02;-7.114899e+00
658;6.580000;1.879543e-02;-7.948283e+00
659;6.590000;1.085285e-02;-9.046656e+00
660;6.600000;6.804424e-03;-9.980365e+00
661;6.610000;5.788161e-03;-1.030388e+01
662;6.620000;8.825363e-03;-9.460251e+00
663;6.630000;8.897919e-03;-9.443875e+00
664;6.640000;8.956170e-03;-9.430825e+00
665;6.650000;8.899868e-03;-9.443438e+00
666;6.660000;1.591891e-02;-8.280496e+00
667;6.670000;3.375342e-02;-6.777347e+00
668;6.680000;5.957202e-02;-5.641139e+00
669;6.690000;7.897195e-02;-5.077325e+00
670;6.700000;9.252739e-02;-4.760501e+00
671;6.710000;1.033474e-01;-4.539319e+00
672;6.720000;1.075567e-01;-4.459474e+00
673;6.730000;1.007634e-01;-4.589960e+00
674;6.740000;8.888084e-02;-4.840918e+00
675;6.750000;7.603397e-02;-5.153150e+00
676;6.760000;7.083918e-02;-5.294686e+00
677;6.770000;6.938306e-02;-5.336225e+00
678;6.780000;7.125716e-02;-5.282920e+00
679;6.790000;7.722433e-02;-5.122081e+00
680;6.800000;8.827382e-02;-4.854623e+00
681;6.810000;9.159840e-02;-4.780683e+00
682;6.820000;1.133402e-01;-4.354722e+00
683;6.830000;1.154717e-01;-4.317459e+00
684;6.840000;1.158284e-01;-4.311290e+00
685;6.850000;1.119351e-01;-4.379672e+00
686;6.860000;1.032745e-01;-4.540730e+00
687;6.870000;7.615367e-02;-5.150004e+00
688;6.880000;9.080404e-02;-4.798103e+00
689;6.890000;9.770010e-02;-4.651705e+00
690;6.900000;1.069671e-01;-4.470469e+00
691;6.910000;1.118340e-01;-4.381480e+00
692;6.920000;1.138400e-01;-4.345922e+00
693;6.930000;1.003680e-01;-4.597825e+00
694;6.940000;9.375605e-02;-4.734118e+00
695;6.950000;8.099531e-02;-5.026728e+00
696;6.960000;7.871806e-02;-5.083766e+00
697;6.970000;7.436067e-02;-5.197656e+00
698;6.980000;7.241144e-02;-5.250782e+00
699;6.990000;6.781022e-02;-5.382085e+00
700;7.000000;6.823038e-02;-5.369731e+00
701;7.010000;6.784306e-02;-5.381116e+00
702;7.020000;6.629501e-02;-5.427281e+00
703;7.030000;6.691453e-02;-5.408678e+00
704;7.040000;7.010256e-02;-5.315592e+00
705;7.050000;6.850268e-02;-5.361765e+00
706;7.060000;6.348857e-02;-5.513791e+00
707;7.070000;5.721864e-02;-5.721751e+00
708;7.080000;4.667718e-02;-6.129000e+00
709;7.090000;3.128856e-02;-6.929005e+00
710;7.100000;1.830356e-02;-8.001320e+00
711;7.110000;1.402181e-02;-8.534282e+00
712;7.120000;4.305978e-02;-6.290332e+00
713;7.130000;6.752796e-02;-5.390427e+00
714;7.140000;9.015217e-02;-4.812512e+00
715;7.150000;1.027077e-01;-4.551736e+00
716;7.160000;1.108950e-01;-4.398342e+00
717;7.170000;1.105496e-01;-4.404583e+00
718;7.180000;1.058708e-01;-4.491071e+00
719;7.190000;9.160138e-02;-4.780618e+00
720;7.200000;7.866565e-02;-5.085097e+00
721;7.210000;6.631055e-02;-5.426812e+00
722;7.220000;5.365918e-02;-5.850205e+00
723;7.230000;3.669290e-02;-6.610344e+00
724;7.240000;3.305601e-02;-6.819104e+00
725;7.250000;5.943886e-02;-5.645614e+00
726;7.260000;8.034074e-02;-5.042957e+00
727;7.270000;1.045423e-01;-4.516327e+00
728;7.280000;1.178372e-01;-4.276903e+00
729;7.290000;1.240089e-01;-4.174803e+00
730;7.300000;1.260155e-01;-4.142701e+00
731;7.310000;1.269662e-01;-4.127668e+00
732;7.320000;1.172350e-01;-4.287149e+00
733;7.330000;1.071125e-01;-4.467751e+00
734;7.340000;9.901833e-02;-4.624901e+00
735;7.350000;8.329537e-02;-4.970725e+00
736;7.360000;6.407779e-02;-5.495315e+00
737;7.370000;4.701810e-02;-6.114445e+00
738;7.380000;4.069756e-02;-6.403174e+00
739;7.390000;3.883302e-02;-6.496969e+00
740;7.400000;3.566409e-02;-6.667222e+00
741;7.410000;2.962105e-02;-7.038540e+00
742;7.420000;2.415788e-02;-7.446290e+00
743;7.430000;1.674344e-02;-8.179498e+00
744;7.440000;9.562527e-03;-9.299807e+00
745;7.450000;4.564401e-03;-1.077894e+01
746;7.460000;3.322714e-03;-1.141395e+01
747;7.470000;1.295061e-02;-8.693224e+00
748;7.480000;5.482266e-02;-5.807303e+00
749;7.490000;7.598977e-02;-5.154313e+00
750;7.500000;8.844542e-02;-4.850739e+00
751;7.510000;1.012530e-01;-4.580266e+00
752;7.520000;1.056478e-01;-4.495289e+00
753;7.530000;9.516699e-02;-4.704244e+00
754;7.540000;8.082493e-02;-5.030940e+00
755;7.550000;6.785452e-02;-5.380779e+00
756;7.560000;4.793812e-02;-6.075689e+00
757;7.570000;3.679496e-02;-6.604789e+00
758;7.580000;2.923778e-02;-7.064587e+00
759;7.590000;2.726416e-02;-7.204364e+00
760;7.600000;3.037479e-02;-6.988284e+00
761;7.610000;3.005869e-02;-7.009207e+00
762;7.620000;2.907589e-02;-7.075692e+00
763;7.630000;2.896373e-02;-7.083422e+00
764;7.640000;3.748133e-02;-6.567824e+00
765;7.650000;3.776359e-02;-6.552820e+00
766;7.660000;7.247405e-02;-5.249053e+00
767;7.670000;1.021793e-01;-4.562052e+00
768;7.680000;1.193918e-01;-4.250689e+00
769;7.690000;1.260514e-01;-4.142131e+00
770;7.700000;1.265750e-01;-4.133841e+00
771;7.710000;1.100361e-01;-4.413894e+00
772;7.720000;8.282858e-02;-4.981964e+00
773;7.730000;5.312659e-02;-5.870155e+00
774;7.740000;2.228870e-02;-7.607351e+00
775;7.750000;7.239741e-03;-9.856339e+00
776;7.760000;6.560908e-03;-1.005325e+01
777;7.770000;6.460924e-03;-1.008397e+01
778;7.780000;6.812723e-03;-9.977926e+00
779;7.790000;1.232423e-02;-8.792377e+00
780;7.800000;2.662107e-02;-7.252105e+00
781;7.810000;2.785882e-02;-7.161211e+00
782;7.820000;2.937020e-02;-7.055549e+00
783;7.830000;3.194934e-02;-6.887208e+00
784;7.840000;3.103088e-02;-6.945545e+00
785;7.850000;2.075058e-02;-7.750362e+00
786;7.860000;2.634319e-02;-7.273091e+00
787;7.870000;5.379029e-02;-5.845325e+00
788;7.880000;7.548350e-02;-5.167683e+00
789;7.890000;9.413694e-02;-4.726009e+00
790;7.900000;1.068689e-01;-4.472305e+00
791;7.910000;1.154038e-01;-4.318636e+00
792;7.920000;1.131082e-01;-4.358820e+00
793;7.930000;1.029672e-01;-4.546690e+00
794;7.940000;8.710633e-02;-4.881251e+00
795;7.950000;7.153551e-02;-5.275123e+00
796;7.960000;5.745245e-02;-5.713595e+00
797;7.970000;4.628595e-02;-6.145833e+00
798;7.980000;4.183650e-02;-6.347972e+00
799;7.990000;4.453915e-02;-6.222774e+00
800;8.000000;4.444708e-02;-6.226912e+00
801;8.010000;4.181702e-02;-6.348904e+00
802;8.020000;3.475904e-02;-6.718631e+00
803;8.030000;2.946872e-02;-7.048852e+00
804;8.040000;2.550935e-02;-7.337420e+00
805;8.050000;4.713811e-02;-6.109347e+00
806;8.060000;8.968175e-02;-4.822976e+00
807;8.070000;1.104304e-01;-4.406739e+00
808;8.080000;1.266778e-01;-4.132217e+00
809;8.090000;1.368416e-01;-3.977863e+00
810;8.100000;1.391376e-01;-3.944583e+00
811;8.110000;1.214352e-01;-4.216749e+00
812;8.120000;1.081878e-01;-4.447773e+00
813;8.130000;9.315149e-02;-4.747056e+00
814;8.140000;8.022694e-02;-5.045792e+00
815;8.150000;7.036046e-02;-5.308248e+00
816;8.160000;6.814411e-02;-5.372261e+00
817;8.170000;7.154518e-02;-5.274852e+00
818;8.180000;7.544415e-02;-5.168725e+00
819;8.190000;8.369377e-02;-4.961182e+00
820;8.200000;9.511778e-02;-4.705279e+00
821;8.210000;1.007492e-01;-4.590243e+00
822;8.220000;1.066369e-01;-4.476651e+00
823;8.230000;1.131518e-01;-4.358050e+00
824;8.240000;1.154668e-01;-4.317545e+00
825;8.250000;1.105834e-01;-4.403972e+00
826;8.260000;1.087049e-01;-4.438237e+00
827;8.270000;1.086639e-01;-4.438991e+00
828;8.280000;1.134384e-01;-4.352991e+00
829;8.290000;1.197369e-01;-4.244917e+00
830;8.300000;1.222506e-01;-4.203364e+00
831;8.310000;1.207050e-01;-4.228812e+00
832;8.320000;1.148067e-01;-4.329011e+00
833;8.330000;1.040007e-01;-4.526716e+00
834;8.340000;9.192953e-02;-4.773466e+00
835;8.350000;8.575401e-02;-4.912545e+00
836;8.360000;8.297006e-02;-4.978551e+00
837;8.370000;7.680440e-02;-5.132987e+00
838;8.380000;6.700092e-02;-5.406098e+00
839;8.390000;5.527889e-02;-5.790728e+00
840;8.400000;4.407920e-02;-6.243535e+00
841;8.410000;3.292387e-02;-6.827115e+00
842;8.420000;2.559327e-02;-7.330852e+00
843;8.430000;2.474266e-02;-7.398453e+00
844;8.440000;2.283655e-02;-7.558786e+00
845;8.450000;2.119864e-02;-7.707636e+00
846;8.460000;2.086961e-02;-7.738923e+00
847;8.470000;2.021017e-02;-7.803138e+00
848;8.480000;1.770023e-02;-8.068356e+00
849;8.490000;1.571134e-02;-8.306746e+00
850;8.500000;1.305406e-02;-8.677313e+00
851;8.510000;1.151112e-02;-8.928883e+00
852;8.520000;1.104065e-02;-9.012343e+00
853;8.530000;1.088148e-02;-9.041386e+00
854;8.540000;1.244278e-02;-8.773230e+00
855;8.550000;1.797767e-02;-8.037250e+00
856;8.560000;2.453038e-02;-7.415686e+00
857;8.570000;2.599853e-02;-7.299430e+00
858;8.580000;3.102520e-02;-6.945911e+00
859;8.590000;3.515420e-02;-6.696022e+00
860;8.600000;4.813613e-02;-6.067444e+00
861;8.610000;5.499191e-02;-5.801138e+00
862;8.620000;5.882794e-02;-5.666277e+00
863;8.630000;6.633906e-02;-5.425953e+00
864;8.640000;8.294471e-02;-4.979162e+00
865;8.650000;8.750212e-02;-4.872184e+00
866;8.660000;9.356786e-02;-4.738137e+00
867;8.670000;9.958959e-02;-4.613395e+00
868;8.680000;1.061449e-01;-4.485901e+00
869;8.690000;1.031859e-01;-4.542447e+00
870;8.700000;9.671450e-02;-4.671984e+00
871;8.710000;9.690044e-02;-4.668142e+00
872;8.720000;9.577435e-02;-4.691521e+00
873;8.730000;8.905792e-02;-4.836936e+00
874;8.740000;8.102549e-02;-5.025983e+00
875;8.750000;8.343589e-02;-4.967353e+00
876;8.760000;7.140470e-02;-5.278783e+00
877;8.770000;6.350377e-02;-5.513312e+00
878;8.780000;5.456736e-02;-5.816638e+00
879;8.790000;5.165419e-02;-5.926368e+00
880;8.800000;4.417986e-02;-6.238972e+00
881;8.810000;4.352514e-02;-6.268833e+00
882;8.820000;4.037477e-02;-6.419100e+00
883;8.830000;3.803649e-02;-6.538419e+00
884;8.840000;3.293764e-02;-6.826279e+00
885;8.850000;2.783882e-02;-7.162648e+00
886;8.860000;7.439034e-02;-5.196858e+00
887;8.870000;1.110845e-01;-4.394928e+00
888;8.880000;1.239844e-01;-4.175199e+00
889;8.890000;1.433184e-01;-3.885373e+00
890;8.900000;1.600790e-01;-3.664176e+00
891;8.910000;1.568641e-01;-3.704751e+00
892;8.920000;1.373829e-01;-3.969966e+00
893;8.930000;1.262788e-01;-4.138527e+00
894;8.940000;1.034725e-01;-4.536899e+00
895;8.950000;7.432389e-02;-5.198646e+00
896;8.960000;3.968883e-02;-6.453371e+00
897;8.970000;1.904075e-02;-7.922348e+00
898;8.980000;1.364534e-02;-8.588715e+00
899;8.990000;1.335913e-02;-8.631111e+00
900;9.000000;1.718909e-02;-8.126961e+00
901;9.010000;2.268018e-02;-7.572528e+00
902;9.020000;2.633224e-02;-7.273923e+00
903;9.030000;4.889939e-02;-6.035981e+00
904;9.040000;7.728028e-02;-5.120633e+00
905;9.050000;9.822105e-02;-4.641069e+00
906;9.060000;1.121286e-01;-4.376217e+00
907;9.070000;1.193863e-01;-4.250782e+00
908;9.080000;1.169562e-01;-4.291911e+00
909;9.090000;1.012932e-01;-4.579471e+00
910;9.100000;8.034667e-02;-5.042809e+00
911;9.110000;5.754580e-02;-5.710348e+00
912;9.120000;3.830843e-02;-6.524170e+00
913;9.130000;1.821344e-02;-8.011191e+00
914;9.140000;1.184159e-02;-8.872274e+00
915;9.150000;1.321097e-02;-8.653415e+00
916;9.160000;1.399348e-02;-8.538328e+00
917;9.170000;2.229351e-02;-7.606919e+00
918;9.180000;3.302531e-02;-6.820962e+00
919;9.190000;3.563018e-02;-6.669124e+00
920;9.200000;3.654511e-02;-6.618416e+00
921;9.210000;3.717293e-02;-6.584349e+00
922;9.220000;3.573143e-02;-6.663449e+00
923;9.230000;3.215250e-02;-6.874530e+00
924;9.240000;3.601800e-02;-6.647473e+00
925;9.250000;3.885184e-02;-6.496000e+00
926;9.260000;3.968725e-02;-6.453451e+00
927;9.270000;3.846627e-02;-6.515947e+00
928;9.280000;3.397381e-02;-6.764331e+00
929;9.290000;2.850065e-02;-7.115656e+00
930;9.300000;3.995474e-02;-6.440016e+00
931;9.310000;6.335698e-02;-5.517940e+00
932;9.320000;7.593811e-02;-5.155673e+00
933;9.330000;9.025353e-02;-4.810265e+00
934;9.340000;1.051772e-01;-4.504218e+00
935;9.350000;1.109798e-01;-4.396813e+00
936;9.360000;1.139558e-01;-4.343890e+00
937;9.370000;1.280248e-01;-4.111063e+00
938;9.380000;1.337763e-01;-4.023173e+00
939;9.390000;1.318485e-01;-4.052204e+00
940;9.400000;1.337381e-01;-4.023744e+00
941;9.410000;1.262554e-01;-4.138896e+00
942;9.420000;1.049573e-01;-4.508403e+00
943;9.430000;8.585031e-02;-4.910300e+00
944;9.440000;7.296787e-02;-5.235472e+00
945;9.450000;5.664616e-02;-5.741862e+00
946;9.460000;5.276475e-02;-5.883823e+00
947;9.470000;5.702829e-02;-5.728416e+00
948;9.480000;6.110757e-02;-5.590239e+00
949;9.490000;6.507414e-02;-5.464456e+00
950;9.500000;6.975840e-02;-5.325435e+00
951;9.510000;7.651125e-02;-5.140635e+00
952;9.520000;8.093978e-02;-5.028100e+00
953;9.530000;8.494790e-02;-4.931434e+00
954;9.540000;8.903567e-02;-4.837437e+00
955;9.550000;9.041593e-02;-4.806670e+00
956;9.560000;8.583956e-02;-4.910551e+00
957;9.570000;7.720377e-02;-5.122614e+00
958;9.580000;6.756383e-02;-5.389365e+00
959;9.590000;5.417737e-02;-5.830984e+00
960;9.600000;3.710379e-02;-6.588072e+00
961;9.610000;1.908110e-02;-7.918114e+00
962;9.620000;2.567852e-02;-7.324201e+00
963;9.630000;2.965256e-02;-7.036414e+00
964;9.640000;5.268562e-02;-5.886826e+00
965;9.650000;8.036707e-02;-5.042301e+00
966;9.660000;1.015108e-01;-4.575181e+00
967;9.670000;1.165770e-01;-4.298406e+00
968;9.680000;1.300586e-01;-4.079540e+00
969;9.690000;1.358871e-01;-3.991862e+00
970;9.700000;1.333117e-01;-4.030131e+00
971;9.710000;1.301915e-01;-4.077498e+00
972;9.720000;1.304733e-01;-4.073173e+00
973;9.730000;1.319704e-01;-4.050355e+00
974;9.740000;1.356671e-01;-3.995103e+00
975;9.750000;1.392313e-01;-3.943238e+00
976;9.760000;1.441009e-01;-3.874483e+00
977;9.770000;1.445582e-01;-3.868146e+00
978;9.780000;1.422268e-01;-3.900665e+00
979;9.790000;1.357458e-01;-3.993942e+00
980;9.800000;1.259449e-01;-4.143822e+00
981;9.810000;1.088239e-01;-4.436049e+00
982;9.820000;8.997638e-02;-4.816416e+00
983;9.830000;6.992172e-02;-5.320758e+00
984;9.840000;5.314114e-02;-5.869607e+00
985;9.850000;5.214438e-02;-5.907478e+00
986;9.860000;5.865613e-02;-5.672126e+00
987;9.870000;6.047175e-02;-5.611158e+00
988;9.880000;6.123662e-02;-5.586020e+00
989;9.890000;5.750781e-02;-5.711669e+00
990;9.900000;4.644246e-02;-6.139082e+00
991;9.910000;3.814016e-02;-6.532975e+00
992;9.920000;4.663748e-02;-6.130702e+00
993;9.930000;7.218869e-02;-5.256944e+00
994;9.940000;9.369746e-02;-4.735368e+00
995;9.950000;1.197412e-01;-4.244845e+00
