frameIndex;frameTime;F0final_sma;voicingFinalUnclipped_sma;pcm_loudness_sma
0;0.010000;0;2.251661e-01;5.562858e-01
1;0.020000;0;4.472820e-01;7.579525e-01
2;0.030000;0;6.709316e-01;9.911388e-01
3;0.040000;0;6.528137e-01;9.343645e-01
4;0.050000;0;6.432162e-01;8.702284e-01
5;0.060000;0;4.195665e-01;6.792400e-01
6;0.070000;0;2.125184e-01;5.762675e-01
7;0.080000;0;1.582013e-01;5.354796e-01
8;0.090000;0;3.042928e-01;5.144702e-01
9;0.100000;0;4.408607e-01;4.013351e-01
10;0.110000;0;4.414862e-01;3.457279e-01
11;0.120000;0;4.569397e-01;2.887560e-01
12;0.130000;0;4.656078e-01;3.079411e-01
13;0.140000;0;4.520268e-01;3.167028e-01
14;0.150000;0;4.357406e-01;3.715317e-01
15;0.160000;0;4.474219e-01;2.674935e-01
16;0.170000;0;3.021761e-01;1.993727e-01
17;0.180000;0;3.767627e-01;1.972026e-01
18;0.190000;0;4.452629e-01;3.711846e-01
19;0.200000;3.643969e+01;6.880415e-01;4.006060e-01
20;0.210000;7.333102e+01;7.150412e-01;3.437823e-01
21;0.220000;1.105685e+02;7.398888e-01;6.357828e-01
22;0.230000;1.120290e+02;7.461035e-01;7.139363e-01
23;0.240000;1.136858e+02;7.491276e-01;8.835652e-01
24;0.250000;1.154000e+02;7.507028e-01;5.908582e-01
25;0.260000;1.165000e+02;7.532558e-01;7.199938e-01
26;0.270000;1.165701e+02;7.500661e-01;1.267604e+00
27;0.280000;1.153117e+02;7.377248e-01;1.435204e+00
28;0.290000;7.631149e+01;7.166011e-01;1.354098e+00
29;0.300000;3.769328e+01;6.848194e-01;9.170647e-01
30;0.310000;0;4.453205e-01;7.694311e-01
31;0.320000;0;2.148979e-01;6.506155e-01
32;0.330000;0;1.959360e-01;3.443601e-01
33;0.340000;0;3.897549e-01;2.119501e-01
34;0.350000;0;5.599098e-01;1.417300e-01
35;0.360000;0;5.368509e-01;1.982137e-01
36;0.370000;0;5.078526e-01;1.738630e-01
37;0.380000;0;4.966114e-01;2.541232e-01
38;0.390000;0;4.878834e-01;2.296850e-01
39;0.400000;0;4.808894e-01;2.567087e-01
40;0.410000;0;5.038385e-01;2.297167e-01
41;0.420000;0;4.984753e-01;2.532818e-01
42;0.430000;0;5.043125e-01;2.712663e-01
43;0.440000;0;5.059554e-01;2.402973e-01
44;0.450000;0;5.267304e-01;1.652125e-01
45;0.460000;0;5.346720e-01;1.691281e-01
46;0.470000;0;5.030599e-01;1.472816e-01
47;0.480000;0;4.937922e-01;2.385868e-01
48;0.490000;0;5.102665e-01;2.294608e-01
49;0.500000;0;5.383435e-01;2.980227e-01
50;0.510000;0;5.372219e-01;3.664995e-01
51;0.520000;0;3.491421e-01;4.292730e-01
52;0.530000;0;1.691716e-01;3.434818e-01
53;0.540000;0;0;2.461788e-01
54;0.550000;0;1.743835e-01;2.457716e-01
55;0.560000;0;1.743835e-01;3.064164e-01
56;0.570000;0;1.743835e-01;3.099341e-01
57;0.580000;0;1.526745e-01;1.677037e-01
58;0.590000;0;3.419043e-01;9.943235e-02
59;0.600000;0;5.355380e-01;6.770661e-02
60;0.610000;0;5.822983e-01;9.573457e-02
61;0.620000;0;5.905070e-01;1.352662e-01
62;0.630000;0;6.257909e-01;1.249744e-01
63;0.640000;3.500171e+01;6.679437e-01;1.249744e-01
64;0.650000;6.946569e+01;7.142491e-01;3.253656e-01
65;0.660000;1.032612e+02;7.295396e-01;5.569292e-01
66;0.670000;1.014602e+02;7.298264e-01;6.145423e-01
67;0.680000;9.941390e+01;7.206633e-01;7.239153e-01
68;0.690000;6.561834e+01;7.055648e-01;8.359172e-01
69;0.700000;3.241769e+01;6.761661e-01;1.110710e+00
70;0.710000;0;4.415853e-01;1.053505e+00
71;0.720000;0;2.124759e-01;8.051921e-01
72;0.730000;0;0;5.518923e-01
73;0.740000;0;1.545566e-01;3.837024e-01
74;0.750000;0;3.251425e-01;4.111981e-01
75;0.760000;0;4.918903e-01;3.267229e-01
76;0.770000;0;5.109481e-01;2.110696e-01
77;0.780000;0;4.917090e-01;2.065549e-01
78;0.790000;0;3.249612e-01;2.003295e-01
79;0.800000;0;3.648837e-01;2.213068e-01
80;0.810000;0;4.209256e-01;1.210498e-01
81;0.820000;0;6.479403e-01;1.841848e-01
82;0.830000;3.310988e+01;6.707661e-01;2.050585e-01
83;0.840000;6.550669e+01;6.991143e-01;4.430765e-01
84;0.850000;9.708002e+01;7.064633e-01;8.210605e-01
85;0.860000;9.513786e+01;7.110865e-01;1.212472e+00
86;0.870000;9.375349e+01;7.120458e-01;1.362844e+00
87;0.880000;9.261158e+01;7.123049e-01;1.246545e+00
88;0.890000;6.144387e+01;7.010815e-01;1.078678e+00
89;0.900000;3.043143e+01;4.643854e-01;8.004419e-01
90;0.910000;0;2.297626e-01;8.592134e-01
91;0.920000;0;0;6.767953e-01
92;0.930000;0;0;9.505242e-01
93;0.940000;0;0;6.549184e-01
94;0.950000;0;0;6.669882e-01
95;0.960000;0;0;3.191225e-01
96;0.970000;0;0;2.367211e-01
97;0.980000;0;0;1.555169e-01
98;0.990000;0;1.556386e-01;8.616877e-02
99;1.000000;0;3.490590e-01;1.014330e-01
100;1.010000;0;5.298815e-01;1.077144e-01
101;1.020000;0;5.981776e-01;9.782574e-02
102;1.030000;4.049556e+01;6.433017e-01;8.190955e-02
103;1.040000;8.078522e+01;7.106660e-01;3.317686e-01
104;1.050000;1.207879e+02;7.402142e-01;6.977574e-01
105;1.060000;1.201686e+02;7.549753e-01;1.248456e+00
106;1.070000;1.195426e+02;7.591550e-01;1.227816e+00
107;1.080000;1.188033e+02;7.575380e-01;1.762297e+00
108;1.090000;1.176126e+02;7.531487e-01;1.703952e+00
109;1.100000;1.159639e+02;7.410836e-01;2.098050e+00
110;1.110000;7.670065e+01;7.199804e-01;1.555132e+00
111;1.120000;7.303196e+01;7.132527e-01;1.186278e+00
112;1.130000;6.994500e+01;7.182121e-01;7.872286e-01
113;1.140000;6.994500e+01;7.179673e-01;6.649662e-01
114;1.150000;3.492804e+01;6.731769e-01;6.962535e-01
115;1.160000;0;6.473644e-01;1.112486e+00
116;1.170000;0;6.473153e-01;1.407727e+00
117;1.180000;0;6.837528e-01;1.429061e+00
118;1.190000;0;6.964565e-01;8.213985e-01
119;1.200000;2.656758e+01;6.999743e-01;4.634511e-01
120;1.210000;5.303617e+01;7.000387e-01;4.468631e-01
121;1.220000;7.956019e+01;7.021607e-01;4.761408e-01
122;1.230000;5.299261e+01;6.973127e-01;3.929747e-01
123;1.240000;2.652402e+01;6.767738e-01;3.906997e-01
124;1.250000;0;6.624629e-01;4.859582e-01
125;1.260000;0;6.531668e-01;6.077265e-01
126;1.270000;0;6.683460e-01;5.485194e-01
127;1.280000;0;6.786199e-01;6.711848e-01
128;1.290000;0;6.814317e-01;1.080182e+00
129;1.300000;0;6.650613e-01;1.239702e+00
130;1.310000;0;6.486041e-01;1.761526e+00
131;1.320000;0;4.259500e-01;1.509503e+00
132;1.330000;0;2.137799e-01;1.628415e+00
133;1.340000;0;0;9.261681e-01
134;1.350000;0;0;6.647471e-01
135;1.360000;0;2.081445e-01;3.138764e-01
136;1.370000;0;4.027783e-01;2.151123e-01
137;1.380000;0;4.027783e-01;1.291123e-01
138;1.390000;0;3.789043e-01;1.123622e-01
139;1.400000;0;3.500386e-01;9.716025e-02
140;1.410000;0;4.807413e-01;1.000251e-01
141;1.420000;0;4.456277e-01;9.552001e-02
142;1.430000;0;4.220589e-01;8.974471e-02
143;1.440000;0;4.614823e-01;8.628463e-02
144;1.450000;0;5.172527e-01;7.543478e-02
145;1.460000;0;6.043677e-01;1.407893e-01
146;1.470000;4.104630e+01;6.717589e-01;1.748686e-01
147;1.480000;8.235599e+01;7.142702e-01;4.119520e-01
148;1.490000;1.235951e+02;7.319753e-01;5.638267e-01
149;1.500000;1.233196e+02;7.394328e-01;9.376893e-01
150;1.510000;1.219474e+02;7.330740e-01;9.821571e-01
151;1.520000;1.193633e+02;7.218494e-01;1.174183e+00
152;1.530000;7.859247e+01;7.030150e-01;1.094521e+00
153;1.540000;3.865499e+01;6.734439e-01;1.160743e+00
154;1.550000;0;6.568177e-01;1.232031e+00
155;1.560000;0;6.600682e-01;1.227747e+00
156;1.570000;0;4.485596e-01;1.074531e+00
157;1.580000;0;2.293910e-01;6.959973e-01
158;1.590000;0;2.243264e-01;6.458135e-01
159;1.600000;0;2.243264e-01;4.900744e-01
160;1.610000;0;4.421454e-01;6.304333e-01
161;1.620000;0;4.345088e-01;5.253386e-01
162;1.630000;0;6.632646e-01;6.777344e-01
163;1.640000;2.788500e+01;6.810215e-01;5.838557e-01
164;1.650000;5.548651e+01;6.997018e-01;8.786818e-01
165;1.660000;8.282471e+01;7.060876e-01;1.233894e+00
166;1.670000;5.493971e+01;7.004953e-01;1.802164e+00
167;1.680000;2.733820e+01;6.830519e-01;2.038921e+00
168;1.690000;0;6.657431e-01;1.692549e+00
169;1.700000;0;4.357595e-01;1.371854e+00
170;1.710000;0;2.178328e-01;6.900333e-01
171;1.720000;0;0;5.917637e-01
172;1.730000;0;0;3.594003e-01
173;1.740000;0;2.332258e-01;5.321184e-01
174;1.750000;0;4.673930e-01;6.563139e-01
175;1.760000;0;6.991588e-01;7.885969e-01
176;1.770000;0;6.894507e-01;6.939574e-01
177;1.780000;0;4.552836e-01;7.562868e-01
178;1.790000;0;4.209455e-01;5.299916e-01
179;1.800000;4.395638e+01;4.309412e-01;5.679913e-01
180;1.810000;8.829913e+01;6.750806e-01;4.218334e-01
181;1.820000;1.330429e+02;7.240545e-01;4.559095e-01
182;1.830000;1.341827e+02;7.425167e-01;5.883417e-01
183;1.840000;1.349962e+02;7.549531e-01;1.058869e+00
184;1.850000;1.351546e+02;7.635717e-01;1.609255e+00
185;1.860000;1.343794e+02;7.632599e-01;1.788193e+00
186;1.870000;1.326122e+02;7.531365e-01;1.380513e+00
187;1.880000;1.299529e+02;7.388422e-01;1.464527e+00
188;1.890000;8.563184e+01;7.172484e-01;1.749997e+00
189;1.900000;4.224286e+01;6.985342e-01;1.574162e+00
190;1.910000;3.793119e+01;7.024158e-01;1.079042e+00
191;1.920000;7.529798e+01;7.145250e-01;5.028911e-01
192;1.930000;1.118003e+02;7.301371e-01;1.121033e+00
193;1.940000;1.096827e+02;7.284763e-01;9.503247e-01
194;1.950000;1.073416e+02;7.279463e-01;1.342259e+00
195;1.960000;1.049755e+02;7.259223e-01;1.078759e+00
196;1.970000;1.027227e+02;7.223031e-01;1.179998e+00
197;1.980000;6.769704e+01;7.105873e-01;1.085399e+00
198;1.990000;3.356078e+01;7.024093e-01;1.161943e+00
199;2.000000;0;6.961145e-01;1.370350e+00
200;2.010000;0;6.987739e-01;1.313919e+00
201;2.020000;0;6.990573e-01;9.749343e-01
202;2.030000;0;6.948416e-01;8.265672e-01
203;2.040000;0;6.829896e-01;4.148235e-01
204;2.050000;0;6.725374e-01;9.699173e-01
205;2.060000;0;6.668952e-01;1.047634e+00
206;2.070000;0;6.779482e-01;1.381645e+00
207;2.080000;0;6.874099e-01;1.177804e+00
208;2.090000;0;6.938724e-01;9.154336e-01
209;2.100000;0;6.861536e-01;8.094001e-01
210;2.110000;0;6.813990e-01;7.036541e-01
211;2.120000;0;6.823483e-01;8.387826e-01
212;2.130000;0;6.901891e-01;1.147042e+00
213;2.140000;0;6.946303e-01;1.094695e+00
214;2.150000;3.399276e+01;6.975474e-01;1.276703e+00
215;2.160000;6.846398e+01;7.006620e-01;1.109464e+00
216;2.170000;1.033287e+02;7.052365e-01;1.334556e+00
217;2.180000;1.044933e+02;7.111338e-01;1.369714e+00
218;2.190000;1.054047e+02;7.199895e-01;1.659565e+00
219;2.200000;1.062179e+02;7.284207e-01;1.723442e+00
220;2.210000;1.071752e+02;7.333245e-01;1.995282e+00
221;2.220000;1.083685e+02;7.331709e-01;1.818009e+00
222;2.230000;1.096301e+02;7.354849e-01;2.072482e+00
223;2.240000;1.105111e+02;7.370855e-01;1.769782e+00
224;2.250000;1.106846e+02;7.325326e-01;1.804484e+00
225;2.260000;1.097514e+02;7.207089e-01;1.206097e+00
226;2.270000;7.275577e+01;7.080670e-01;9.111521e-01
227;2.280000;3.600635e+01;6.912549e-01;5.530207e-01
228;2.290000;0;6.607629e-01;3.719047e-01
229;2.300000;0;6.284161e-01;5.579894e-01
230;2.310000;0;6.230577e-01;5.782600e-01
231;2.320000;0;6.417682e-01;6.555223e-01
232;2.330000;0;6.507730e-01;4.542960e-01
233;2.340000;0;6.486134e-01;4.634985e-01
234;2.350000;0;6.331548e-01;6.165015e-01
235;2.360000;0;6.215517e-01;7.409179e-01
236;2.370000;0;5.933865e-01;6.797888e-01
237;2.380000;0;5.845852e-01;4.869037e-01
238;2.390000;0;5.961505e-01;3.773719e-01
239;2.400000;0;6.033036e-01;3.145299e-01
240;2.410000;0;6.280560e-01;2.960130e-01
241;2.420000;5.041446e+01;6.574621e-01;3.481270e-01
242;2.430000;9.949799e+01;7.071841e-01;3.915977e-01
243;2.440000;9.949799e+01;7.025115e-01;5.509222e-01
244;2.450000;9.172321e+01;7.057508e-01;8.042633e-01
245;2.460000;8.449626e+01;7.110410e-01;1.086596e+00
246;2.470000;1.256658e+02;7.426383e-01;1.328354e+00
247;2.480000;1.236048e+02;7.504045e-01;1.136218e+00
248;2.490000;1.218933e+02;7.496137e-01;1.324032e+00
249;2.500000;1.203686e+02;7.415569e-01;1.579897e+00
250;2.510000;1.190729e+02;7.314222e-01;1.557121e+00
251;2.520000;1.183396e+02;7.305169e-01;1.162324e+00
252;2.530000;1.178613e+02;7.360727e-01;4.461071e-01
253;2.540000;1.174963e+02;7.443998e-01;6.751318e-01
254;2.550000;1.167621e+02;7.436817e-01;7.326899e-01
255;2.560000;1.161736e+02;7.360883e-01;1.178157e+00
256;2.570000;1.150317e+02;7.242463e-01;1.220153e+00
257;2.580000;1.127593e+02;7.138739e-01;1.266256e+00
258;2.590000;1.096610e+02;7.143593e-01;9.744267e-01
259;2.600000;1.065307e+02;7.159162e-01;8.668259e-01
260;2.610000;7.012554e+01;7.130399e-01;1.073392e+00
261;2.620000;3.464576e+01;7.020834e-01;1.387703e+00
262;2.630000;0;6.803285e-01;1.930841e+00
263;2.640000;0;6.485884e-01;2.180101e+00
264;2.650000;0;4.178940e-01;1.941297e+00
265;2.660000;0;3.930372e-01;1.199423e+00
266;2.670000;0;3.769123e-01;5.740718e-01
267;2.680000;0;5.561621e-01;3.765042e-01
268;2.690000;0;5.153337e-01;2.221719e-01
269;2.700000;0;4.908248e-01;1.083814e-01
270;2.710000;0;3.115751e-01;9.861199e-02
271;2.720000;0;3.781223e-01;1.430755e-01
272;2.730000;0;4.468596e-01;1.655857e-01
273;2.740000;0;6.793349e-01;1.692275e-01
274;2.750000;0;6.947510e-01;2.066796e-01
275;2.760000;0;6.950195e-01;3.214650e-01
276;2.770000;0;6.893396e-01;4.072670e-01
277;2.780000;0;6.758243e-01;5.826018e-01
278;2.790000;0;6.552944e-01;8.344265e-01
279;2.800000;0;4.284990e-01;1.087915e+00
280;2.810000;0;2.092892e-01;1.218460e+00
281;2.820000;0;0;9.557258e-01
282;2.830000;0;0;6.798794e-01
283;2.840000;0;0;4.223680e-01
284;2.850000;0;1.636110e-01;3.453028e-01
285;2.860000;0;3.301727e-01;2.444492e-01
286;2.870000;0;4.768133e-01;1.586287e-01
287;2.880000;0;4.859084e-01;1.141409e-01
288;2.890000;0;5.288823e-01;1.385997e-01
289;2.900000;0;3.822416e-01;1.688727e-01
290;2.910000;0;4.298339e-01;4.454564e-01
291;2.920000;0;4.409463e-01;4.562962e-01
292;2.930000;0;6.586029e-01;6.433507e-01
293;2.940000;0;6.505501e-01;8.733220e-01
294;2.950000;0;6.472598e-01;9.726737e-01
295;2.960000;0;6.379870e-01;8.462800e-01
296;2.970000;0;6.376632e-01;6.750474e-01
297;2.980000;0;6.354156e-01;6.525980e-01
298;2.990000;0;6.387421e-01;6.118667e-01
299;3.000000;0;6.382920e-01;3.701263e-01
300;3.010000;0;4.231819e-01;5.796025e-01
301;3.020000;0;2.114715e-01;6.104164e-01
302;3.030000;0;0;6.514560e-01
303;3.040000;0;0;3.378207e-01
304;3.050000;0;0;3.002238e-01
305;3.060000;0;0;2.664589e-01
306;3.070000;0;2.005632e-01;2.707588e-01
307;3.080000;0;4.098729e-01;2.824950e-01
308;3.090000;0;4.098729e-01;2.007792e-01
309;3.100000;0;3.999610e-01;1.866204e-01
310;3.110000;0;3.660268e-01;8.898228e-02
311;3.120000;0;5.295078e-01;5.624151e-02
312;3.130000;0;4.906965e-01;6.282092e-02
313;3.140000;0;4.633365e-01;1.040132e-01
314;3.150000;0;4.369007e-01;1.278907e-01
315;3.160000;0;4.404140e-01;1.235750e-01
316;3.170000;0;4.648639e-01;8.538543e-02
317;3.180000;0;4.878028e-01;7.358661e-02
318;3.190000;0;4.850624e-01;5.080683e-02
319;3.200000;0;4.674263e-01;8.812299e-02
320;3.210000;0;4.581364e-01;1.511365e-01
321;3.220000;0;4.706553e-01;2.114758e-01
322;3.230000;0;4.823764e-01;2.806597e-01
323;3.240000;0;4.879869e-01;3.964919e-01
324;3.250000;0;4.765062e-01;4.882951e-01
325;3.260000;0;4.855700e-01;6.163600e-01
326;3.270000;0;4.948693e-01;6.043132e-01
327;3.280000;0;5.105808e-01;5.982718e-01
328;3.290000;0;5.009058e-01;3.996917e-01
329;3.300000;0;5.098231e-01;3.025877e-01
330;3.310000;0;5.176876e-01;2.540431e-01
331;3.320000;0;5.260882e-01;3.394364e-01
332;3.330000;0;5.316895e-01;5.938357e-01
333;3.340000;0;5.273366e-01;5.914972e-01
334;3.350000;0;5.446271e-01;6.049059e-01
335;3.360000;0;5.527256e-01;4.032638e-01
336;3.370000;0;5.450070e-01;3.695695e-01
337;3.380000;0;5.182397e-01;2.823438e-01
338;3.390000;0;4.921136e-01;3.394018e-01
339;3.400000;0;4.895178e-01;4.020835e-01
340;3.410000;0;4.727039e-01;4.716733e-01
341;3.420000;0;4.880704e-01;3.509281e-01
342;3.430000;0;4.841166e-01;2.697594e-01
343;3.440000;0;4.996367e-01;2.861547e-01
344;3.450000;0;4.766289e-01;3.415788e-01
345;3.460000;0;4.747521e-01;2.992445e-01
346;3.470000;0;3.111826e-01;2.369815e-01
347;3.480000;0;1.567292e-01;1.340191e-01
348;3.490000;0;0;1.529047e-01
349;3.500000;0;2.134827e-01;1.040995e-01
350;3.510000;0;2.134827e-01;9.126856e-02
351;3.520000;0;2.134827e-01;9.032673e-02
352;3.530000;0;2.323761e-01;1.918498e-01
353;3.540000;2.938132e+01;4.657332e-01;3.491116e-01
354;3.550000;5.841555e+01;7.024240e-01;3.500533e-01
355;3.560000;8.742886e+01;7.073398e-01;5.687166e-01
356;3.570000;5.804753e+01;6.931549e-01;5.927353e-01
357;3.580000;2.901331e+01;6.585680e-01;8.344960e-01
358;3.590000;0;6.461945e-01;8.103285e-01
359;3.600000;4.171655e+01;6.639534e-01;9.383515e-01
360;3.610000;8.404128e+01;7.077910e-01;1.019687e+00
361;3.620000;1.272916e+02;7.349691e-01;1.463807e+00
362;3.630000;1.294870e+02;7.515351e-01;1.431924e+00
363;3.640000;1.316466e+02;7.600436e-01;1.887308e+00
364;3.650000;1.331923e+02;7.619539e-01;1.683730e+00
365;3.660000;1.339306e+02;7.555706e-01;2.067904e+00
366;3.670000;1.334600e+02;7.356908e-01;1.906385e+00
367;3.680000;8.866388e+01;7.075145e-01;1.900180e+00
368;3.690000;8.474372e+01;7.009315e-01;1.341415e+00
369;3.700000;8.120715e+01;7.086307e-01;9.079362e-01
370;3.710000;1.210569e+02;7.189913e-01;6.613045e-01
371;3.720000;8.032690e+01;6.967830e-01;7.941213e-01
372;3.730000;3.984974e+01;6.839850e-01;5.993040e-01
373;3.740000;4.136783e+01;6.891222e-01;3.406633e-01
374;3.750000;8.295145e+01;7.179169e-01;1.708230e-01
375;3.760000;1.243943e+02;7.372717e-01;2.698549e-01
376;3.770000;1.245086e+02;7.421144e-01;6.129733e-01
377;3.780000;1.243343e+02;7.384527e-01;8.198466e-01
378;3.790000;1.238248e+02;7.401842e-01;8.124257e-01
379;3.800000;1.231500e+02;7.491102e-01;9.780604e-01
380;3.810000;1.224447e+02;7.620973e-01;9.137917e-01
381;3.820000;1.221569e+02;7.668521e-01;1.101691e+00
382;3.830000;1.218887e+02;7.656251e-01;7.144077e-01
383;3.840000;1.214039e+02;7.584440e-01;9.344632e-01
384;3.850000;1.204351e+02;7.452788e-01;1.149375e+00
385;3.860000;7.989600e+01;7.213572e-01;1.072913e+00
386;3.870000;3.967684e+01;6.873278e-01;7.904509e-01
387;3.880000;0;6.316399e-01;5.581903e-01
388;3.890000;0;5.350270e-01;7.110465e-01
389;3.900000;0;4.551102e-01;7.246420e-01
390;3.910000;0;3.978498e-01;5.650101e-01
391;3.920000;0;4.119385e-01;5.034035e-01
392;3.930000;0;4.386365e-01;5.113403e-01
393;3.940000;0;4.786603e-01;6.600691e-01
394;3.950000;0;4.986617e-01;7.764305e-01
395;3.960000;0;4.934276e-01;6.554594e-01
396;3.970000;0;4.628774e-01;4.837095e-01
397;3.980000;0;4.778850e-01;4.248478e-01
398;3.990000;0;5.502551e-01;6.283345e-01
399;4.000000;4.073088e+01;6.533274e-01;7.120920e-01
400;4.010000;8.074888e+01;7.162960e-01;5.767956e-01
401;4.020000;1.198921e+02;7.350412e-01;4.372791e-01
402;4.030000;1.174520e+02;7.427385e-01;6.497295e-01
403;4.040000;1.151255e+02;7.483751e-01;1.583755e+00
404;4.050000;1.133333e+02;7.519348e-01;1.815255e+00
405;4.060000;1.121948e+02;7.533196e-01;1.683771e+00
406;4.070000;1.113936e+02;7.497513e-01;7.334058e-01
407;4.080000;1.104190e+02;7.416437e-01;6.668751e-01
408;4.090000;7.326663e+01;7.234480e-01;4.190432e-01
409;4.100000;3.637639e+01;6.974189e-01;8.260760e-01
410;4.110000;0;6.869475e-01;1.062587e+00
411;4.120000;3.274826e+01;6.952651e-01;1.379054e+00
412;4.130000;6.534986e+01;7.136354e-01;9.483339e-01
413;4.140000;9.783392e+01;7.150885e-01;6.069662e-01
414;4.150000;6.508566e+01;6.953335e-01;5.465382e-01
415;4.160000;3.248406e+01;6.867946e-01;7.808475e-01
416;4.170000;0;6.857145e-01;8.808122e-01
417;4.180000;3.567219e+01;7.022968e-01;9.080057e-01
418;4.190000;7.122282e+01;7.142453e-01;9.727107e-01
419;4.200000;1.066528e+02;7.268257e-01;8.538856e-01
420;4.210000;1.062819e+02;7.331233e-01;1.527295e+00
421;4.220000;1.056560e+02;7.305045e-01;1.856527e+00
422;4.230000;1.047452e+02;7.227461e-01;2.114455e+00
423;4.240000;1.044580e+02;7.196463e-01;1.518823e+00
424;4.250000;1.054513e+02;7.202734e-01;1.023919e+00
425;4.260000;1.072524e+02;7.251763e-01;1.046915e+00
426;4.270000;1.085166e+02;7.264562e-01;1.126294e+00
427;4.280000;1.088336e+02;7.270480e-01;1.285832e+00
428;4.290000;1.086168e+02;7.250724e-01;9.819035e-01
429;4.300000;1.081829e+02;7.191755e-01;9.675857e-01
430;4.310000;7.194782e+01;7.091971e-01;6.294491e-01
431;4.320000;3.584449e+01;7.001679e-01;9.945171e-01
432;4.330000;0;6.961890e-01;9.755680e-01
433;4.340000;0;6.964272e-01;1.047139e+00
434;4.350000;0;6.921294e-01;7.535319e-01
435;4.360000;0;6.768963e-01;5.107334e-01
436;4.370000;0;6.509520e-01;5.809408e-01
437;4.380000;0;6.136017e-01;5.725649e-01
438;4.390000;0;3.964570e-01;4.510467e-01
439;4.400000;0;1.903206e-01;3.717069e-01
440;4.410000;0;1.573012e-01;2.426547e-01
441;4.420000;0;3.578594e-01;2.152483e-01
442;4.430000;0;5.326822e-01;1.516111e-01
443;4.440000;0;5.480197e-01;9.675459e-02
444;4.450000;0;4.997225e-01;6.164991e-02
445;4.460000;0;4.994319e-01;4.666148e-02
446;4.470000;0;5.432405e-01;6.048532e-02
447;4.480000;0;6.167186e-01;3.289572e-01
448;4.490000;0;6.675180e-01;3.480092e-01
449;4.500000;0;6.812813e-01;1.144638e+00
450;4.510000;3.467102e+01;6.937253e-01;1.017647e+00
451;4.520000;6.894572e+01;7.105381e-01;1.206776e+00
452;4.530000;1.029367e+02;7.223544e-01;4.845929e-01
453;4.540000;1.018699e+02;7.267880e-01;6.187255e-01
454;4.550000;1.007220e+02;7.227758e-01;7.972975e-01
455;4.560000;6.673098e+01;7.110851e-01;1.258094e+00
456;4.570000;3.312681e+01;6.850595e-01;1.456607e+00
457;4.580000;0;6.569390e-01;1.485485e+00
458;4.590000;0;6.530153e-01;1.207916e+00
459;4.600000;0;6.679637e-01;7.416565e-01
460;4.610000;0;6.909240e-01;5.512214e-01
461;4.620000;0;6.939722e-01;5.306961e-01
462;4.630000;0;6.894262e-01;5.653935e-01
463;4.640000;0;6.703016e-01;6.548569e-01
464;4.650000;0;6.397535e-01;4.850375e-01
465;4.660000;0;6.327017e-01;6.232508e-01
466;4.670000;0;6.484130e-01;4.727136e-01
467;4.680000;0;6.820450e-01;4.287500e-01
468;4.690000;3.061960e+01;6.973383e-01;6.189377e-01
469;4.700000;6.114945e+01;7.049477e-01;8.739157e-01
470;4.710000;9.186185e+01;7.130148e-01;9.530323e-01
471;4.720000;9.233704e+01;7.168490e-01;8.923470e-01
472;4.730000;9.326728e+01;7.183173e-01;9.052672e-01
473;4.740000;9.417925e+01;7.155917e-01;1.594373e+00
474;4.750000;9.515781e+01;7.135425e-01;1.603871e+00
475;4.760000;9.669004e+01;7.109169e-01;1.608603e+00
476;4.770000;9.899323e+01;7.123289e-01;1.153559e+00
477;4.780000;1.010641e+02;7.187503e-01;1.051751e+00
478;4.790000;1.023159e+02;7.268810e-01;8.952821e-01
479;4.800000;1.026887e+02;7.334693e-01;8.248348e-01
480;4.810000;1.027850e+02;7.349339e-01;7.895298e-01
481;4.820000;1.025864e+02;7.321503e-01;7.828250e-01
482;4.830000;1.020510e+02;7.243710e-01;1.041441e+00
483;4.840000;6.781045e+01;7.112239e-01;1.351078e+00
484;4.850000;3.376495e+01;6.865541e-01;1.580278e+00
485;4.860000;0;6.517323e-01;1.336615e+00
486;4.870000;0;5.831378e-01;1.139040e+00
487;4.880000;0;5.046286e-01;7.854624e-01
488;4.890000;0;4.550554e-01;6.759364e-01
489;4.900000;0;4.712281e-01;6.167391e-01
490;4.910000;0;5.037869e-01;6.712103e-01
491;4.920000;0;5.261837e-01;6.702525e-01
492;4.930000;0;5.062336e-01;7.031956e-01
493;4.940000;0;3.354959e-01;5.603271e-01
494;4.950000;0;3.648698e-01;4.166310e-01
495;4.960000;0;4.326037e-01;3.630621e-01
496;4.970000;3.593725e+01;6.684029e-01;3.327887e-01
497;4.980000;7.168427e+01;7.022495e-01;5.924869e-01
498;4.990000;1.070394e+02;7.137669e-01;9.352147e-01
499;5.000000;7.110215e+01;7.062380e-01;1.086650e+00
500;5.010000;3.535513e+01;6.875629e-01;1.240663e+00
501;5.020000;0;6.492989e-01;8.709493e-01
502;5.030000;3.598844e+01;6.600378e-01;8.434419e-01
503;5.040000;7.155381e+01;6.852981e-01;5.387019e-01
504;5.050000;1.067645e+02;7.327817e-01;6.496350e-01
505;5.060000;1.056452e+02;7.425501e-01;8.570478e-01
506;5.070000;1.045368e+02;7.445102e-01;9.043160e-01
507;5.080000;1.032646e+02;7.424772e-01;8.931054e-01
508;5.090000;1.017937e+02;7.370251e-01;5.585036e-01
509;5.100000;1.000973e+02;7.280625e-01;7.329205e-01
510;5.110000;9.806228e+01;7.165596e-01;8.023513e-01
511;5.120000;6.466402e+01;7.008324e-01;1.037068e+00
512;5.130000;3.190345e+01;6.804546e-01;8.689002e-01
513;5.140000;0;4.461326e-01;7.549742e-01
514;5.150000;0;3.682790e-01;6.213589e-01
515;5.160000;0;3.066122e-01;5.808671e-01
516;5.170000;0;4.687415e-01;6.967837e-01
517;5.180000;0;4.908462e-01;6.329948e-01
518;5.190000;0;5.004432e-01;5.609614e-01
519;5.200000;0;4.961583e-01;2.516260e-01
520;5.210000;0;4.728432e-01;2.055354e-01
521;5.220000;0;4.668688e-01;1.342780e-01
522;5.230000;0;5.021757e-01;1.122595e-01
523;5.240000;0;3.536416e-01;2.626789e-01
524;5.250000;0;4.212019e-01;2.714694e-01
525;5.260000;3.489946e+01;4.708800e-01;3.155285e-01
526;5.270000;6.947978e+01;7.144761e-01;3.397886e-01
527;5.280000;1.034402e+02;7.282457e-01;3.273373e-01
528;5.290000;1.017022e+02;7.251425e-01;3.684103e-01
529;5.300000;9.944946e+01;7.172691e-01;4.550101e-01
530;5.310000;6.548907e+01;7.013480e-01;7.129221e-01
531;5.320000;3.232756e+01;6.852210e-01;8.823323e-01
532;5.330000;0;6.755361e-01;8.459618e-01
533;5.340000;0;6.741102e-01;6.617790e-01
534;5.350000;0;6.692947e-01;5.597897e-01
535;5.360000;0;6.643453e-01;4.623424e-01
536;5.370000;0;6.687608e-01;6.501727e-01
537;5.380000;3.402269e+01;6.873240e-01;6.119959e-01
538;5.390000;6.877680e+01;7.081429e-01;9.735510e-01
539;5.400000;1.040026e+02;7.244411e-01;1.238754e+00
540;5.410000;1.053215e+02;7.335946e-01;1.797660e+00
541;5.420000;1.058033e+02;7.382396e-01;1.935354e+00
542;5.430000;1.055406e+02;7.388303e-01;1.533527e+00
543;5.440000;1.048402e+02;7.377513e-01;1.367277e+00
544;5.450000;1.038885e+02;7.366066e-01;1.311149e+00
545;5.460000;1.029576e+02;7.377172e-01;1.364006e+00
546;5.470000;1.021530e+02;7.393706e-01;1.216741e+00
547;5.480000;1.014764e+02;7.406740e-01;1.067398e+00
548;5.490000;1.007883e+02;7.396567e-01;1.184179e+00
549;5.500000;9.988913e+01;7.363820e-01;1.020874e+00
550;5.510000;9.860468e+01;7.304729e-01;7.385585e-01
551;5.520000;9.682547e+01;7.204954e-01;7.127526e-01
552;5.530000;6.388811e+01;7.075350e-01;8.330992e-01
553;5.540000;3.156487e+01;6.842569e-01;9.010274e-01
554;5.550000;0;6.583360e-01;1.152156e+00
555;5.560000;0;4.274961e-01;1.277889e+00
556;5.570000;0;2.099723e-01;1.343201e+00
557;5.580000;0;2.174482e-01;9.396887e-01
558;5.590000;0;4.223665e-01;5.480592e-01
559;5.600000;0;5.826363e-01;2.856236e-01
560;5.610000;0;5.399475e-01;2.056032e-01
561;5.620000;0;5.295486e-01;1.789643e-01
562;5.630000;0;5.517815e-01;1.632274e-01
563;5.640000;0;5.913848e-01;2.321531e-01
564;5.650000;0;6.094046e-01;4.044916e-01
565;5.660000;0;6.580435e-01;4.183155e-01
566;5.670000;2.839087e+01;6.799243e-01;5.892571e-01
567;5.680000;5.665278e+01;7.019340e-01;1.082584e+00
568;5.690000;5.665278e+01;7.003950e-01;1.480498e+00
569;5.700000;2.826191e+01;6.874368e-01;1.678915e+00
570;5.710000;0;6.743711e-01;1.240796e+00
571;5.720000;0;6.705549e-01;9.447402e-01
572;5.730000;0;6.768071e-01;5.597971e-01
573;5.740000;0;6.797362e-01;5.420150e-01
574;5.750000;0;6.792601e-01;8.553998e-01
575;5.760000;0;6.750767e-01;9.556963e-01
576;5.770000;0;6.692216e-01;9.481676e-01
577;5.780000;0;6.561103e-01;6.700241e-01
578;5.790000;0;6.577727e-01;6.250768e-01
579;5.800000;0;6.715982e-01;6.842842e-01
580;5.810000;3.423214e+01;6.945966e-01;8.520220e-01
581;5.820000;6.915992e+01;7.087687e-01;1.290444e+00
582;5.830000;1.043446e+02;7.223449e-01;1.706163e+00
583;5.840000;1.052411e+02;7.343341e-01;2.285557e+00
584;5.850000;1.052698e+02;7.405961e-01;2.177518e+00
585;5.860000;1.048516e+02;7.416360e-01;2.145514e+00
586;5.870000;1.042520e+02;7.406716e-01;1.794479e+00
587;5.880000;1.035551e+02;7.386526e-01;1.609860e+00
588;5.890000;1.027821e+02;7.353471e-01;1.624608e+00
589;5.900000;1.018698e+02;7.302091e-01;1.567709e+00
590;5.910000;1.007970e+02;7.225237e-01;1.472395e+00
591;5.920000;6.680354e+01;7.080119e-01;1.068107e+00
592;5.930000;3.318672e+01;6.880412e-01;9.130670e-01
593;5.940000;0;4.502952e-01;9.400917e-01
594;5.950000;0;2.211136e-01;9.340701e-01
595;5.960000;0;1.644831e-01;8.512896e-01
596;5.970000;0;3.234823e-01;6.502127e-01
597;5.980000;0;4.936245e-01;4.056716e-01
598;5.990000;0;4.780589e-01;1.775024e-01
599;6.000000;0;4.548417e-01;2.379401e-01
600;6.010000;0;4.239183e-01;2.514355e-01
601;6.020000;0;4.293703e-01;3.025797e-01
602;6.030000;0;4.787252e-01;3.050707e-01
603;6.040000;0;3.395063e-01;3.894994e-01
604;6.050000;0;4.012972e-01;4.123057e-01
605;6.060000;0;4.441035e-01;3.333441e-01
606;6.070000;3.171172e+01;6.808116e-01;6.051106e-01
607;6.080000;6.310001e+01;7.044927e-01;6.235416e-01
608;6.090000;9.444648e+01;7.170771e-01;6.949267e-01
609;6.100000;9.412835e+01;7.194545e-01;5.372027e-01
610;6.110000;9.413842e+01;7.229726e-01;6.896417e-01
611;6.120000;9.462036e+01;7.210177e-01;6.299046e-01
612;6.130000;9.543621e+01;7.232110e-01;6.461093e-01
613;6.140000;9.632544e+01;7.231552e-01;7.619555e-01
614;6.150000;9.675188e+01;7.271109e-01;1.200322e+00
615;6.160000;9.671023e+01;7.287585e-01;1.387580e+00
616;6.170000;9.655175e+01;7.286046e-01;1.403641e+00
617;6.180000;9.635207e+01;7.284980e-01;1.178623e+00
618;6.190000;9.606464e+01;7.267365e-01;8.324225e-01
619;6.200000;9.548238e+01;7.227381e-01;6.128998e-01
620;6.210000;9.452182e+01;7.161078e-01;9.517013e-01
621;6.220000;6.264148e+01;7.053034e-01;1.659721e+00
622;6.230000;3.109461e+01;6.837890e-01;2.329946e+00
623;6.240000;0;4.479976e-01;2.089909e+00
624;6.250000;0;2.176371e-01;1.619738e+00
625;6.260000;0;1.572467e-01;1.019414e+00
626;6.270000;0;3.283378e-01;8.590465e-01
627;6.280000;0;5.103344e-01;5.852144e-01
628;6.290000;0;5.661710e-01;5.808017e-01
629;6.300000;0;5.563373e-01;5.266269e-01
630;6.310000;0;3.743407e-01;7.320724e-01
631;6.320000;0;3.791787e-01;6.496499e-01
632;6.330000;0;4.466561e-01;7.074792e-01
633;6.340000;0;6.763905e-01;4.920998e-01
634;6.350000;2.983700e+01;6.929956e-01;5.302730e-01
635;6.360000;5.944404e+01;7.010033e-01;5.660698e-01
636;6.370000;8.893228e+01;7.054963e-01;8.166804e-01
637;6.380000;5.909528e+01;7.042617e-01;6.206741e-01
638;6.390000;2.948824e+01;6.977299e-01;1.004279e+00
639;6.400000;0;6.903192e-01;1.531291e+00
640;6.410000;0;6.771822e-01;1.843037e+00
641;6.420000;0;6.573686e-01;1.311228e+00
642;6.430000;0;6.156907e-01;6.664593e-01
643;6.440000;0;5.496772e-01;3.809473e-01
644;6.450000;0;5.061669e-01;4.403485e-01
645;6.460000;0;4.946719e-01;3.627111e-01
646;6.470000;0;4.911482e-01;4.910443e-01
647;6.480000;0;4.825403e-01;3.828408e-01
648;6.490000;0;4.647159e-01;4.504155e-01
649;6.500000;0;4.649523e-01;5.469834e-01
650;6.510000;0;4.527661e-01;8.842876e-01
651;6.520000;0;2.969468e-01;1.016165e+00
652;6.530000;0;3.755206e-01;9.587593e-01
653;6.540000;3.781311e+01;4.697684e-01;9.622430e-01
654;6.550000;7.531277e+01;7.161101e-01;9.200628e-01
655;6.560000;1.124751e+02;7.347818e-01;8.432140e-01
656;6.570000;1.115355e+02;7.456908e-01;1.005901e+00
657;6.580000;1.104654e+02;7.492406e-01;1.107430e+00
658;6.590000;1.090441e+02;7.472386e-01;1.403711e+00
659;6.600000;1.071733e+02;7.403350e-01;1.488786e+00
660;6.610000;1.051422e+02;7.332235e-01;1.855474e+00
661;6.620000;1.032269e+02;7.255074e-01;1.872412e+00
662;6.630000;6.822410e+01;7.103923e-01;1.895695e+00
663;6.640000;3.382564e+01;6.927089e-01;1.452150e+00
664;6.650000;0;6.796298e-01;1.313719e+00
665;6.660000;0;6.823971e-01;8.377536e-01
666;6.670000;0;6.903456e-01;7.161135e-01
667;6.680000;3.487729e+01;7.011335e-01;6.535221e-01
668;6.690000;7.027448e+01;7.073682e-01;8.320622e-01
669;6.700000;1.056916e+02;7.097433e-01;1.125886e+00
670;6.710000;7.081434e+01;6.988078e-01;1.477545e+00
671;6.720000;3.541716e+01;6.786062e-01;1.584531e+00
672;6.730000;0;6.442623e-01;1.288574e+00
673;6.740000;0;5.652630e-01;7.685156e-01
674;6.750000;0;4.927444e-01;4.747945e-01
675;6.760000;0;4.383309e-01;5.088081e-01
676;6.770000;0;4.388807e-01;5.875918e-01
677;6.780000;0;4.444066e-01;6.677436e-01
678;6.790000;0;4.488648e-01;6.469452e-01
679;6.800000;0;4.695559e-01;8.295999e-01
680;6.810000;0;4.702317e-01;6.114543e-01
681;6.820000;0;4.999092e-01;6.443614e-01
682;6.830000;0;5.619528e-01;6.112707e-01
683;6.840000;4.388453e+01;6.549745e-01;8.783636e-01
684;6.850000;8.827579e+01;7.237144e-01;8.238923e-01
685;6.860000;1.331508e+02;7.461279e-01;8.207498e-01
686;6.870000;1.345785e+02;7.550778e-01;1.056771e+00
687;6.880000;1.359527e+02;7.602075e-01;1.095104e+00
688;6.890000;1.371590e+02;7.641206e-01;9.567848e-01
689;6.900000;1.383413e+02;7.667659e-01;1.001864e+00
690;6.910000;1.394960e+02;7.685468e-01;1.348825e+00
691;6.920000;1.409417e+02;7.686436e-01;2.085396e+00
692;6.930000;1.424998e+02;7.688107e-01;2.085074e+00
693;6.940000;1.442513e+02;7.691279e-01;1.994110e+00
694;6.950000;1.461826e+02;7.683933e-01;1.809185e+00
695;6.960000;1.484208e+02;7.672984e-01;1.783011e+00
696;6.970000;1.506157e+02;7.678680e-01;1.340678e+00
697;6.980000;1.522957e+02;7.714438e-01;1.043392e+00
698;6.990000;1.530630e+02;7.752817e-01;6.130720e-01
699;7.000000;1.529382e+02;7.767468e-01;1.150514e+00
700;7.010000;1.520153e+02;7.732158e-01;1.202026e+00
701;7.020000;1.503706e+02;7.674084e-01;1.559085e+00
702;7.030000;1.479635e+02;7.567039e-01;1.563774e+00
703;7.040000;1.448033e+02;7.415856e-01;1.577997e+00
704;7.050000;9.539014e+01;7.169991e-01;1.609485e+00
705;7.060000;4.705539e+01;6.707055e-01;1.351884e+00
706;7.070000;0;6.123626e-01;1.352243e+00
707;7.080000;0;5.567934e-01;1.019364e+00
708;7.090000;0;5.466812e-01;1.010754e+00
709;7.100000;0;5.772943e-01;5.711904e-01
710;7.110000;0;6.326091e-01;5.347068e-01
711;7.120000;0;6.735868e-01;4.151380e-01
712;7.130000;3.416193e+01;6.963206e-01;5.347810e-01
713;7.140000;6.717802e+01;7.011791e-01;6.321158e-01
714;7.150000;6.717802e+01;7.013190e-01;6.080937e-01
715;7.160000;3.301609e+01;6.951962e-01;5.287035e-01
716;7.170000;0;6.948962e-01;3.488761e-01
717;7.180000;0;6.926697e-01;2.959035e-01
718;7.190000;3.321939e+01;6.975641e-01;3.959319e-01
719;7.200000;6.584765e+01;7.063661e-01;8.003197e-01
720;7.210000;9.817930e+01;7.197194e-01;1.119121e+00
721;7.220000;9.705701e+01;7.262276e-01;1.222490e+00
722;7.230000;9.612789e+01;7.251965e-01;8.856845e-01
723;7.240000;9.539547e+01;7.182357e-01;5.290521e-01
724;7.250000;9.554083e+01;7.164378e-01;5.857952e-01
725;7.260000;9.638559e+01;7.173193e-01;7.794362e-01
726;7.270000;9.738139e+01;7.202299e-01;1.011533e+00
727;7.280000;9.724561e+01;7.185031e-01;1.083032e+00
728;7.290000;9.615572e+01;7.121477e-01;1.244262e+00
729;7.300000;6.356067e+01;7.049628e-01;1.419969e+00
730;7.310000;3.145400e+01;6.905746e-01;1.631254e+00
731;7.320000;0;6.609789e-01;1.356966e+00
732;7.330000;0;6.083381e-01;1.433735e+00
733;7.340000;0;5.547976e-01;8.785923e-01
734;7.350000;0;5.336412e-01;7.314145e-01
735;7.360000;0;5.118380e-01;4.492764e-01
736;7.370000;0;5.146916e-01;4.718246e-01
737;7.380000;0;5.135480e-01;5.094883e-01
738;7.390000;0;5.693893e-01;3.489299e-01
739;7.400000;0;5.917130e-01;5.561417e-01
740;7.410000;0;6.006302e-01;8.182120e-01
741;7.420000;0;5.434316e-01;8.942747e-01
742;7.430000;0;4.859343e-01;9.840004e-01
743;7.440000;0;4.698367e-01;7.923153e-01
744;7.450000;0;3.129377e-01;8.125186e-01
745;7.460000;0;4.054006e-01;4.863365e-01
746;7.470000;3.317192e+01;4.663911e-01;5.159854e-01
747;7.480000;6.628183e+01;7.042179e-01;4.870180e-01
748;7.490000;9.936662e+01;7.125800e-01;6.348932e-01
749;7.500000;9.923816e+01;7.124352e-01;7.013705e-01
750;7.510000;9.906669e+01;7.108631e-01;8.999202e-01
751;7.520000;9.873795e+01;7.071220e-01;1.157060e+00
752;7.530000;9.796185e+01;7.050435e-01;1.234937e+00
753;7.540000;9.700208e+01;7.074625e-01;1.314471e+00
754;7.550000;9.613171e+01;7.115114e-01;1.471295e+00
755;7.560000;9.547727e+01;7.164533e-01;1.447350e+00
756;7.570000;9.496879e+01;7.207898e-01;1.318160e+00
757;7.580000;9.460040e+01;7.255618e-01;1.043671e+00
758;7.590000;9.464207e+01;7.279806e-01;9.881346e-01
759;7.600000;9.487507e+01;7.276250e-01;8.402461e-01
760;7.610000;9.491837e+01;7.276449e-01;7.728288e-01
761;7.620000;9.467535e+01;7.273528e-01;9.030519e-01
762;7.630000;9.406860e+01;7.241343e-01;7.764726e-01
763;7.640000;9.325515e+01;7.191985e-01;5.840673e-01
764;7.650000;9.225547e+01;7.133904e-01;7.668679e-01
765;7.660000;9.144628e+01;7.084229e-01;9.985805e-01
766;7.670000;6.069914e+01;7.027092e-01;1.194612e+00
767;7.680000;3.028723e+01;6.943153e-01;7.761915e-01
768;7.690000;0;6.750543e-01;1.227761e+00
769;7.700000;0;6.441376e-01;1.049527e+00
770;7.710000;0;6.118560e-01;9.097323e-01
771;7.720000;0;6.138803e-01;5.832308e-01
772;7.730000;0;4.129564e-01;5.913162e-01
773;7.740000;0;2.172320e-01;7.638399e-01
774;7.750000;0;0;4.655568e-01
775;7.760000;0;0;3.756273e-01
776;7.770000;0;2.162368e-01;2.527132e-01
777;7.780000;0;4.478129e-01;2.874255e-01
778;7.790000;0;6.831344e-01;4.816180e-01
779;7.800000;0;6.996567e-01;6.730266e-01
780;7.810000;0;6.954093e-01;1.079884e+00
781;7.820000;0;6.812932e-01;1.316743e+00
782;7.830000;0;6.727498e-01;1.735280e+00
783;7.840000;0;6.705365e-01;1.571516e+00
784;7.850000;0;6.778540e-01;1.248647e+00
785;7.860000;0;6.737835e-01;7.070093e-01
786;7.870000;0;6.765127e-01;4.488687e-01
787;7.880000;0;6.805089e-01;4.508290e-01
788;7.890000;0;6.936845e-01;9.677367e-01
789;7.900000;0;6.977466e-01;1.544640e+00
790;7.910000;0;6.915805e-01;2.084186e+00
791;7.920000;0;6.834691e-01;1.763530e+00
792;7.930000;0;6.770818e-01;1.047351e+00
793;7.940000;0;6.836160e-01;5.486464e-01
794;7.950000;0;6.853509e-01;4.570738e-01
795;7.960000;0;6.884184e-01;5.775699e-01
796;7.970000;3.415538e+01;6.901569e-01;6.801415e-01
797;7.980000;6.890542e+01;7.005624e-01;8.407664e-01
798;7.990000;1.037591e+02;7.119349e-01;1.024637e+00
799;8.000000;1.042604e+02;7.189013e-01;1.263286e+00
800;8.010000;1.042010e+02;7.261157e-01;1.462379e+00
801;8.020000;1.040357e+02;7.299852e-01;1.627604e+00
802;8.030000;1.035646e+02;7.274230e-01;1.562178e+00
803;8.040000;6.887390e+01;7.137178e-01;1.448824e+00
804;8.050000;3.418544e+01;6.948790e-01;1.264196e+00
805;8.060000;0;4.558493e-01;8.920696e-01
806;8.070000;0;2.249905e-01;4.303168e-01
807;8.080000;0;0;5.219005e-01
808;8.090000;0;0;5.895711e-01
809;8.100000;0;1.655861e-01;5.973018e-01
810;8.110000;0;3.219240e-01;2.606593e-01
811;8.120000;0;5.390790e-01;1.535192e-01
812;8.130000;0;5.669681e-01;2.798512e-01
813;8.140000;0;6.376396e-01;2.959369e-01
814;8.150000;0;6.530695e-01;4.080411e-01
815;8.160000;0;6.895430e-01;8.257912e-01
816;8.170000;0;6.881435e-01;1.626934e+00
817;8.180000;0;6.736722e-01;2.418797e+00
818;8.190000;0;6.548343e-01;2.675814e+00
819;8.200000;0;6.211058e-01;2.612598e+00
820;8.210000;0;5.797178e-01;1.825785e+00
821;8.220000;0;3.686070e-01;1.029931e+00
822;8.230000;0;1.767256e-01;3.401100e-01
823;8.240000;0;0;2.031980e-01
824;8.250000;0;0;1.817983e-01
825;8.260000;0;1.734304e-01;7.271720e-02
826;8.270000;0;3.540420e-01;7.595447e-02
827;8.280000;0;5.206997e-01;7.067884e-02
828;8.290000;0;5.344095e-01;8.021387e-02
829;8.300000;0;5.474316e-01;7.151125e-02
830;8.310000;0;5.300376e-01;6.339022e-02
831;8.320000;0;5.453520e-01;8.188313e-02
832;8.330000;0;5.797640e-01;1.037573e-01
833;8.340000;3.807135e+01;6.705330e-01;1.613181e-01
834;8.350000;7.600152e+01;7.152126e-01;3.120889e-01
835;8.360000;1.136790e+02;7.352605e-01;5.406020e-01
836;8.370000;1.129341e+02;7.437212e-01;6.266656e-01
837;8.380000;1.120821e+02;7.456701e-01;1.327354e+00
838;8.390000;1.113913e+02;7.472336e-01;1.535901e+00
839;8.400000;1.109550e+02;7.478674e-01;1.842149e+00
840;8.410000;1.105572e+02;7.468655e-01;1.431392e+00
841;8.420000;1.098638e+02;7.441987e-01;1.078339e+00
842;8.430000;1.088647e+02;7.431241e-01;9.168906e-01
843;8.440000;1.078153e+02;7.441052e-01;5.790917e-01
844;8.450000;1.068241e+02;7.444194e-01;9.418429e-01
845;8.460000;1.057690e+02;7.425060e-01;1.100268e+00
846;8.470000;1.045937e+02;7.402711e-01;1.520150e+00
847;8.480000;1.034038e+02;7.401106e-01;1.876892e+00
848;8.490000;1.022779e+02;7.396916e-01;2.154543e+00
849;8.500000;1.010662e+02;7.372914e-01;2.213446e+00
850;8.510000;9.967736e+01;7.303281e-01;1.566000e+00
851;8.520000;9.800027e+01;7.223830e-01;1.085459e+00
852;8.530000;9.609261e+01;7.141981e-01;6.590707e-01
853;8.540000;6.336929e+01;7.069876e-01;8.684998e-01
854;8.550000;3.133629e+01;6.996691e-01;1.448343e+00
855;8.560000;0;6.942377e-01;1.955842e+00
856;8.570000;0;6.778501e-01;1.678489e+00
857;8.580000;0;6.407597e-01;1.101008e+00
858;8.590000;0;5.568582e-01;5.998306e-01
859;8.600000;0;5.131140e-01;6.002386e-01
860;8.610000;0;5.027234e-01;4.419932e-01
861;8.620000;0;5.128364e-01;4.475174e-01
862;8.630000;0;4.881051e-01;3.991556e-01
863;8.640000;0;4.622966e-01;3.291530e-01
864;8.650000;0;4.600817e-01;2.727174e-01
865;8.660000;0;4.558417e-01;2.405211e-01
866;8.670000;0;2.986745e-01;2.352239e-01
867;8.680000;0;3.446379e-01;1.876654e-01
868;8.690000;0;4.288746e-01;3.458641e-01
869;8.700000;3.045408e+01;6.657014e-01;3.412099e-01
870;8.710000;6.029578e+01;7.019637e-01;7.472623e-01
871;8.720000;8.967072e+01;7.125044e-01;8.046177e-01
872;8.730000;8.824625e+01;7.141323e-01;1.205960e+00
873;8.740000;5.840456e+01;7.101176e-01;8.762286e-01
874;8.750000;2.902962e+01;6.942880e-01;6.779768e-01
875;8.760000;0;6.636873e-01;3.780986e-01
876;8.770000;0;6.524423e-01;5.566553e-01
877;8.780000;0;6.609752e-01;8.016374e-01
878;8.790000;2.613630e+01;6.873109e-01;8.349020e-01
879;8.800000;5.246265e+01;7.001696e-01;7.465103e-01
880;8.810000;5.246265e+01;6.921490e-01;6.401155e-01
881;8.820000;2.632635e+01;6.708838e-01;7.241186e-01
882;8.830000;0;6.627660e-01;6.450763e-01
883;8.840000;0;6.680377e-01;5.500985e-01
884;8.850000;0;6.887872e-01;5.955859e-01
885;8.860000;0;6.931875e-01;8.722393e-01
886;8.870000;2.890047e+01;6.980465e-01;1.245900e+00
887;8.880000;5.893535e+01;6.980618e-01;9.910737e-01
888;8.890000;8.968426e+01;7.053717e-01;8.502684e-01
889;8.900000;9.173731e+01;7.120857e-01;6.960802e-01
890;8.910000;9.248859e+01;7.182279e-01;1.357292e+00
891;8.920000;9.241300e+01;7.201560e-01;1.755615e+00
892;8.930000;9.195352e+01;7.187418e-01;1.794555e+00
893;8.940000;9.132453e+01;7.179640e-01;1.535334e+00
894;8.950000;9.039504e+01;7.139711e-01;1.104873e+00
895;8.960000;5.990098e+01;7.074152e-01;1.052449e+00
896;8.970000;2.974381e+01;6.944373e-01;8.855876e-01
897;8.980000;0;6.696776e-01;9.169965e-01
898;8.990000;0;4.374761e-01;7.604654e-01
899;9.000000;0;2.114003e-01;8.961944e-01
900;9.010000;0;1.625386e-01;8.828915e-01
901;9.020000;0;3.299626e-01;7.294855e-01
902;9.030000;0;4.834242e-01;4.228607e-01
903;9.040000;0;4.665474e-01;1.911477e-01
904;9.050000;0;4.237076e-01;2.555853e-01
905;9.060000;0;2.702460e-01;2.196311e-01
906;9.070000;0;1.245842e-01;1.974682e-01
907;9.080000;0;2.208390e-01;2.383211e-01
908;9.090000;3.311699e+01;4.582748e-01;2.390546e-01
909;9.100000;6.568406e+01;6.961164e-01;3.592567e-01
910;9.110000;9.756738e+01;7.124806e-01;5.536664e-01
911;9.120000;9.574696e+01;7.116234e-01;8.721478e-01
912;9.130000;9.386200e+01;7.072230e-01;1.050185e+00
913;9.140000;6.197867e+01;7.006896e-01;9.241893e-01
914;9.150000;3.068211e+01;6.925127e-01;6.739263e-01
915;9.160000;0;6.872487e-01;4.056942e-01
916;9.170000;0;6.800081e-01;2.967149e-01
917;9.180000;0;6.699666e-01;2.929151e-01
918;9.190000;0;6.609467e-01;5.911099e-01
919;9.200000;0;6.669135e-01;9.036208e-01
920;9.210000;2.618389e+01;6.825166e-01;8.822932e-01
921;9.220000;5.227568e+01;6.968603e-01;5.393438e-01
922;9.230000;7.854436e+01;7.011686e-01;2.685091e-01
923;9.240000;5.236047e+01;6.998901e-01;4.194910e-01
924;9.250000;2.626867e+01;6.996440e-01;6.460304e-01
925;9.260000;0;6.989427e-01;7.029350e-01
926;9.270000;0;6.920567e-01;6.344573e-01
927;9.280000;0;6.819029e-01;5.063853e-01
928;9.290000;0;6.764943e-01;3.742529e-01
929;9.300000;0;6.806958e-01;3.330311e-01
930;9.310000;0;6.881481e-01;4.314013e-01
931;9.320000;0;6.941472e-01;3.930431e-01
932;9.330000;0;6.969090e-01;3.682857e-01
933;9.340000;0;6.944129e-01;4.360553e-01
934;9.350000;0;6.815815e-01;8.633428e-01
935;9.360000;0;6.586522e-01;1.610607e+00
936;9.370000;0;4.305950e-01;2.197350e+00
937;9.380000;0;2.098330e-01;2.042763e+00
938;9.390000;0;0;1.364064e+00
939;9.400000;0;0;6.942632e-01
940;9.410000;0;1.976024e-01;4.492622e-01
941;9.420000;0;1.976024e-01;2.754921e-01
942;9.430000;0;1.976024e-01;7.447855e-02
943;9.440000;0;1.977537e-01;5.669256e-02
944;9.450000;0;3.551847e-01;7.438105e-02
945;9.460000;0;5.127540e-01;1.052030e-01
946;9.470000;0;5.081447e-01;9.008535e-02
947;9.480000;0;4.972285e-01;6.592925e-02
948;9.490000;0;3.396591e-01;6.549392e-02
949;9.500000;0;1.465147e-01;1.216115e-01
950;9.510000;0;2.105190e-01;1.411512e-01
951;9.520000;0;4.338622e-01;2.466757e-01
952;9.530000;3.097914e+01;6.704934e-01;4.614048e-01
953;9.540000;6.216622e+01;6.999866e-01;6.549066e-01
954;9.550000;9.339164e+01;7.164242e-01;7.429884e-01
955;9.560000;9.350999e+01;7.188784e-01;5.742472e-01
956;9.570000;9.315127e+01;7.158625e-01;4.262412e-01
957;9.580000;6.192585e+01;7.083711e-01;3.131533e-01
958;9.590000;3.082837e+01;6.963006e-01;5.092213e-01
959;9.600000;0;6.904697e-01;8.126702e-01
960;9.610000;0;6.903532e-01;1.157863e+00
961;9.620000;0;4.633383e-01;1.046952e+00
962;9.630000;0;2.321729e-01;1.082138e+00
963;9.640000;0;2.216220e-01;8.671848e-01
964;9.650000;0;2.216220e-01;7.449711e-01
965;9.660000;0;4.372203e-01;4.441833e-01
966;9.670000;0;4.359044e-01;1.906873e-01
967;9.680000;0;6.678496e-01;2.308747e-01
968;9.690000;0;6.847733e-01;4.120588e-01
969;9.700000;0;6.972062e-01;7.276201e-01
970;9.710000;0;6.938561e-01;1.188772e+00
971;9.720000;0;6.741907e-01;1.323196e+00
972;9.730000;0;4.414519e-01;1.361040e+00
973;9.740000;0;2.128567e-01;1.461787e+00
974;9.750000;0;0;1.114580e+00
975;9.760000;0;0;8.410383e-01
976;9.770000;0;1.724864e-01;2.411531e-01
977;9.780000;0;3.374137e-01;1.940256e-01
978;9.790000;0;5.036502e-01;1.670900e-01
979;9.800000;0;5.038429e-01;1.129308e-01
980;9.810000;0;5.077649e-01;1.145534e-01
981;9.820000;0;5.047552e-01;2.917706e-01
982;9.830000;0;5.115774e-01;3.156058e-01
983;9.840000;0;3.427281e-01;4.465984e-01
984;9.850000;0;3.529714e-01;3.705914e-01
985;9.860000;0;1.734700e-01;4.293290e-01
986;9.870000;0;3.534601e-01;2.738220e-01
987;9.880000;0;4.025410e-01;1.830797e-01
988;9.890000;4.102041e+01;6.427467e-01;1.855878e-01
989;9.900000;8.280708e+01;7.081807e-01;2.675004e-01
990;9.910000;1.249418e+02;7.409030e-01;2.041038e-01
991;9.920000;1.261880e+02;7.616109e-01;4.774671e-01
992;9.930000;1.267685e+02;7.781565e-01;6.952123e-01
993;9.940000;1.270374e+02;7.834465e-01;1.201883e+00
994;9.950000;1.271745e+02;7.830959e-01;1.468176e+00
995;9.950000;1.272109e+02;7.816893e-01;1.806346e+00
